
 RUN 0 GENERATION 0  -20.0  65.736602  -2.663646  9.263953
 RUN 0 GENERATION 1  43.6  89.076796  6.605739  15.116563
 RUN 0 GENERATION 2  43.6  89.076796  11.622474  19.963055
 RUN 0 GENERATION 3  43.6  89.076796  28.359915  25.247238
 RUN 0 GENERATION 4  43.6  89.076796  41.472132  23.962245
 RUN 0 GENERATION 5  43.6  89.076796  39.853437  25.651105
 RUN 0 GENERATION 6  49.0  89.758336  45.418439  23.848682
 RUN 0 GENERATION 7  49.0  89.758336  47.922673  22.015828
 RUN 0 GENERATION 8  49.0  89.758336  48.608096  25.644571
 RUN 0 GENERATION 9  49.0  89.758336  45.279718  22.156544
 RUN 0 GENERATION 10  49.0  89.758336  46.68784  21.970799
 RUN 0 GENERATION 11  49.0  89.758336  48.725259  21.138585
 RUN 0 GENERATION 12  49.0  89.758336  43.650214  21.975964
 RUN 0 GENERATION 13  49.0  89.758336  43.702369  24.759341
 RUN 0 GENERATION 14  49.0  89.758336  44.34781  25.788972
 RUN 0 GENERATION 15  49.0  89.758336  48.460391  25.256725
 RUN 0 GENERATION 16  49.0  89.758336  48.991215  23.434194
 RUN 0 GENERATION 17  49.0  89.758336  46.220181  22.597756
 RUN 0 GENERATION 18  49.0  89.758336  45.224765  24.468789
 RUN 0 GENERATION 19  49.0  89.758336  46.241456  24.279142
 RUN 0 GENERATION 20  49.0  89.758336  43.926232  25.229646
 RUN 0 GENERATION 21  49.0  89.758336  43.266269  26.680577
 RUN 0 GENERATION 22  51.4  89.998336  48.281421  25.136385
 RUN 0 GENERATION 23  51.4  89.998336  49.321161  22.78793
 RUN 0 GENERATION 24  51.4  89.998336  46.435224  22.848188
 RUN 0 GENERATION 25  51.4  89.998336  46.595754  23.770145
 RUN 0 GENERATION 26  51.4  89.998336  46.289757  23.930191
 RUN 0 GENERATION 27  51.4  89.998336  48.094262  27.989581
 RUN 0 GENERATION 28  56.2  90.272892  44.361464  25.955366
 RUN 0 GENERATION 29  56.2  90.272892  47.468444  25.745949
 RUN 1 GENERATION 0  -30.0  57.347511  -2.12544  8.261832
 RUN 1 GENERATION 1  -30.0  57.347511  2.650739  10.517856
 RUN 1 GENERATION 2  -30.0  57.412751  15.237642  13.207343
 RUN 1 GENERATION 3  -20.0  66.333573  22.996814  13.820319
 RUN 1 GENERATION 4  -10.0  75.424051  30.655123  19.831265
 RUN 1 GENERATION 5  -10.0  75.462666  34.182998  19.14661
 RUN 1 GENERATION 6  -10.0  75.470571  38.522776  19.218478
 RUN 1 GENERATION 7  -10.0  75.474547  39.824452  19.961881
 RUN 1 GENERATION 8  9.4  85.476168  40.694843  17.988036
 RUN 1 GENERATION 9  9.4  85.476168  38.162035  22.011335
 RUN 1 GENERATION 10  9.4  85.476168  40.714535  19.068391
 RUN 1 GENERATION 11  9.4  85.476168  42.050848  20.608518
 RUN 1 GENERATION 12  9.4  85.476168  42.133582  23.172367
 RUN 1 GENERATION 13  9.4  85.476168  43.500664  21.702964
 RUN 1 GENERATION 14  9.4  85.476168  42.212594  18.89166
 RUN 1 GENERATION 15  9.4  85.476168  41.362905  22.387955
 RUN 1 GENERATION 16  9.4  85.476168  43.706438  19.14263
 RUN 1 GENERATION 17  9.4  85.476168  43.169947  23.062404
 RUN 1 GENERATION 18  9.4  85.476168  46.31207  22.503198
 RUN 1 GENERATION 19  9.4  85.476168  45.31168  20.936397
 RUN 1 GENERATION 20  9.4  85.476168  42.216968  25.297001
 RUN 1 GENERATION 21  9.4  85.476168  46.845016  23.528043
 RUN 1 GENERATION 22  9.4  85.476168  48.666915  22.870812
 RUN 1 GENERATION 23  9.4  85.476168  49.296258  22.987602
 RUN 1 GENERATION 24  9.4  85.476168  45.58115  25.786759
 RUN 1 GENERATION 25  9.4  85.476168  46.716274  23.691397
 RUN 1 GENERATION 26  9.4  85.476168  49.631453  22.829218
 RUN 1 GENERATION 27  9.4  85.476168  45.79887  22.451133
 RUN 1 GENERATION 28  9.4  85.476168  46.846769  24.379767
 RUN 1 GENERATION 29  9.4  85.476168  47.946931  23.974203
 RUN 2 GENERATION 0  -40.0  48.228559  -2.592715  7.762016
 RUN 2 GENERATION 1  -40.0  48.228559  6.466868  11.249587
 RUN 2 GENERATION 2  -40.0  48.228559  17.701199  10.168691
 RUN 2 GENERATION 3  -30.0  57.344008  19.461435  10.583527
 RUN 2 GENERATION 4  -20.0  66.021114  15.865241  14.421441
 RUN 2 GENERATION 5  -10.0  75.176954  19.787153  16.312404
 RUN 2 GENERATION 6  -10.0  75.42027  20.547475  18.194219
 RUN 2 GENERATION 7  32.2  87.694547  31.616129  23.209558
 RUN 2 GENERATION 8  32.2  87.694547  32.048628  21.281052
 RUN 2 GENERATION 9  36.4  88.228354  35.608974  20.612439
 RUN 2 GENERATION 10  36.4  88.228354  36.925064  22.676996
 RUN 2 GENERATION 11  41.2  88.772892  36.762847  21.26643
 RUN 2 GENERATION 12  41.2  88.772892  41.822717  23.578428
 RUN 2 GENERATION 13  41.2  88.772892  45.004866  24.150094
 RUN 2 GENERATION 14  41.2  88.772892  38.254787  25.222553
 RUN 2 GENERATION 15  41.2  88.772892  40.656523  26.911785
 RUN 2 GENERATION 16  41.2  88.772892  46.797383  24.285567
 RUN 2 GENERATION 17  41.2  88.772892  39.781955  29.113939
 RUN 2 GENERATION 18  41.2  88.772892  42.999727  26.620248
 RUN 2 GENERATION 19  41.2  88.772892  41.914297  25.740204
 RUN 2 GENERATION 20  41.2  88.772892  43.161197  25.212175
 RUN 2 GENERATION 21  41.2  88.772892  43.79969  23.648345
 RUN 2 GENERATION 22  41.2  88.772892  37.264013  25.098551
 RUN 2 GENERATION 23  41.2  88.772892  42.191794  24.897501
 RUN 2 GENERATION 24  41.2  88.772892  37.33907  24.275018
 RUN 2 GENERATION 25  41.2  88.772892  42.459291  25.014696
 RUN 2 GENERATION 26  47.8  89.491733  43.036595  24.957933
 RUN 2 GENERATION 27  47.8  89.491733  40.088321  27.258773
 RUN 2 GENERATION 28  47.8  89.491733  41.767751  24.993328
 RUN 2 GENERATION 29  47.8  89.491733  43.435197  24.550496
 RUN 3 GENERATION 0  -70.0  21.90625  -3.211791  5.667654
 RUN 3 GENERATION 1  2.8  84.816168  5.260699  13.839894
 RUN 3 GENERATION 2  2.8  84.816168  8.557308  12.739059
 RUN 3 GENERATION 3  2.8  84.816168  11.929235  17.951743
 RUN 3 GENERATION 4  44.2  89.136796  13.481399  19.550034
 RUN 3 GENERATION 5  44.2  89.136796  19.973267  24.420942
 RUN 3 GENERATION 6  45.4  89.256796  32.779676  30.169505
 RUN 3 GENERATION 7  45.4  89.256796  36.391427  25.866272
 RUN 3 GENERATION 8  45.4  89.256796  42.068581  27.27877
 RUN 3 GENERATION 9  61.6  91.097405  49.306064  29.608473
 RUN 3 GENERATION 10  61.6  91.097405  40.682938  30.376612
 RUN 3 GENERATION 11  61.6  91.097405  40.743427  30.515749
 RUN 3 GENERATION 12  61.6  91.097405  42.706595  32.749925
 RUN 3 GENERATION 13  61.6  91.097405  42.041132  29.621075
 RUN 3 GENERATION 14  61.6  91.097405  43.064345  30.926961
 RUN 3 GENERATION 15  61.6  91.097405  38.886377  28.506313
 RUN 3 GENERATION 16  62.8  91.217405  46.695571  31.762668
 RUN 3 GENERATION 17  62.8  91.217405  48.406873  29.50417
 RUN 3 GENERATION 18  62.8  91.217405  46.737792  26.3881
 RUN 3 GENERATION 19  62.8  91.217405  52.515828  27.765936
 RUN 3 GENERATION 20  62.8  91.217405  39.419003  32.163545
 RUN 3 GENERATION 21  62.8  91.217405  47.831115  32.08652
 RUN 3 GENERATION 22  62.8  91.217405  39.798951  30.766817
 RUN 3 GENERATION 23  62.8  91.217405  50.032394  30.038965
 RUN 3 GENERATION 24  62.8  91.217405  41.899075  32.634002
 RUN 3 GENERATION 25  62.8  91.217405  49.928179  30.25687
 RUN 3 GENERATION 26  62.8  91.217405  42.846774  31.341359
 RUN 3 GENERATION 27  62.8  91.217405  46.538345  33.226788
 RUN 3 GENERATION 28  62.8  91.217405  50.778405  31.145624
 RUN 3 GENERATION 29  62.8  91.217405  45.488957  31.926769
 RUN 4 GENERATION 0  -20.0  66.462666  -2.142793  10.160058
 RUN 4 GENERATION 1  -20.0  66.462666  6.099455  12.507597
 RUN 4 GENERATION 2  -20.0  66.462666  18.641042  11.97647
 RUN 4 GENERATION 3  -20.0  66.474547  23.129269  13.433418
 RUN 4 GENERATION 4  -10.0  75.470571  31.616053  19.186943
 RUN 4 GENERATION 5  -10.0  75.470571  42.421577  18.379891
 RUN 4 GENERATION 6  9.4  85.422547  44.330412  21.395019
 RUN 4 GENERATION 7  9.4  85.422547  45.49458  19.589123
 RUN 4 GENERATION 8  9.4  85.422547  44.50745  20.670218
 RUN 4 GENERATION 9  9.4  85.422547  46.115056  19.771531
 RUN 4 GENERATION 10  9.4  85.422547  45.769933  20.055765
 RUN 4 GENERATION 11  9.4  85.422547  45.3313  20.903045
 RUN 4 GENERATION 12  9.4  85.422547  47.504048  20.45237
 RUN 4 GENERATION 13  9.4  85.422547  48.371899  22.034692
 RUN 4 GENERATION 14  9.4  85.422547  43.197955  25.163287
 RUN 4 GENERATION 15  9.4  85.422547  40.620493  22.450375
 RUN 4 GENERATION 16  9.4  85.422547  47.580705  23.448016
 RUN 4 GENERATION 17  9.4  85.422547  51.03055  22.483086
 RUN 4 GENERATION 18  9.4  85.422547  45.851046  22.771026
 RUN 4 GENERATION 19  9.4  85.422547  41.901962  23.001881
 RUN 4 GENERATION 20  9.4  85.422547  45.961397  22.141661
 RUN 4 GENERATION 21  9.4  85.422547  50.123041  23.797019
 RUN 4 GENERATION 22  9.4  85.422547  45.857065  21.526047
 RUN 4 GENERATION 23  9.4  85.422547  45.319986  23.330286
 RUN 4 GENERATION 24  9.4  85.422547  48.0166  22.507907
 RUN 4 GENERATION 25  9.4  85.422547  49.171053  21.614658
 RUN 4 GENERATION 26  9.4  85.422547  46.772224  23.275084
 RUN 4 GENERATION 27  9.4  85.422547  43.752163  23.944517
 RUN 4 GENERATION 28  9.4  85.422547  46.065384  23.546915
 RUN 4 GENERATION 29  9.4  85.422547  50.741399  22.210481
 RUN 5 GENERATION 0  -30.0  56.26422  -2.342141  8.444937
 RUN 5 GENERATION 1  -30.0  56.26422  8.289304  12.257867
 RUN 5 GENERATION 2  -30.0  56.26422  18.911647  8.718067
 RUN 5 GENERATION 3  -30.0  56.26422  20.691776  7.866138
 RUN 5 GENERATION 4  56.8  88.430785  22.268376  14.26845
 RUN 5 GENERATION 5  56.8  88.430785  19.114076  11.889105
 RUN 5 GENERATION 6  56.8  88.430785  16.612974  14.093913
 RUN 5 GENERATION 7  56.8  88.430785  18.419039  11.407058
 RUN 5 GENERATION 8  56.8  88.430785  19.447423  11.714566
 RUN 5 GENERATION 9  56.8  88.430785  13.129401  13.61267
 RUN 5 GENERATION 10  56.8  88.440785  23.072874  17.598711
 RUN 5 GENERATION 11  58.6  88.61935  17.492914  16.126817
 RUN 5 GENERATION 12  58.6  88.61935  16.519746  13.440254
 RUN 5 GENERATION 13  58.6  88.61935  15.86146  13.902682
 RUN 5 GENERATION 14  58.6  88.61935  14.725061  12.393182
 RUN 5 GENERATION 15  58.6  88.61935  18.812089  12.691651
 RUN 5 GENERATION 16  59.8  88.735058  18.790986  17.69097
 RUN 5 GENERATION 17  62.2  88.975058  19.916114  24.102099
 RUN 5 GENERATION 18  62.2  88.975058  20.293384  27.418283
 RUN 5 GENERATION 19  62.2  88.975058  19.270955  30.037827
 RUN 5 GENERATION 20  62.2  88.975058  17.018236  29.138851
 RUN 5 GENERATION 21  68.2  89.57935  20.867  32.622081
 RUN 5 GENERATION 22  68.2  89.57935  22.858732  32.944492
 RUN 5 GENERATION 23  68.2  89.57935  25.573629  34.5874
 RUN 5 GENERATION 24  68.2  89.57935  36.276976  38.130023
 RUN 5 GENERATION 25  67.6  90.395249  29.845725  37.748175
 RUN 5 GENERATION 26  67.6  90.395249  20.206552  31.694617
 RUN 5 GENERATION 27  67.6  90.395249  21.353294  33.109461
 RUN 5 GENERATION 28  67.6  90.395249  27.291802  35.362237
 RUN 5 GENERATION 29  67.6  90.395249  23.073102  33.9199
 RUN 6 GENERATION 0  -20.0  66.225448  -1.098522  11.287621
 RUN 6 GENERATION 1  -20.0  66.225448  2.599724  13.685339
 RUN 6 GENERATION 2  -10.0  75.319827  7.850033  16.572063
 RUN 6 GENERATION 3  -10.0  75.319827  9.309495  18.522437
 RUN 6 GENERATION 4  33.4  87.673573  18.430867  26.270654
 RUN 6 GENERATION 5  33.4  87.673573  31.902448  27.269654
 RUN 6 GENERATION 6  33.4  87.673573  40.429028  22.392377
 RUN 6 GENERATION 7  33.4  87.673573  41.445164  24.313061
 RUN 6 GENERATION 8  33.4  87.673573  43.169127  26.137231
 RUN 6 GENERATION 9  32.2  87.756168  42.923022  26.37132
 RUN 6 GENERATION 10  32.2  87.756168  46.985632  23.410043
 RUN 6 GENERATION 11  32.2  87.756168  48.701235  27.125625
 RUN 6 GENERATION 12  32.2  87.756168  56.692764  24.809772
 RUN 6 GENERATION 13  44.2  88.86704  48.499411  30.023111
 RUN 6 GENERATION 14  44.2  88.86704  50.336589  28.144213
 RUN 6 GENERATION 15  53.8  89.878742  53.155006  26.565715
 RUN 6 GENERATION 16  53.8  89.878742  55.943162  25.679307
 RUN 6 GENERATION 17  53.8  89.878742  52.340185  28.394771
 RUN 6 GENERATION 18  53.8  89.878742  58.217219  29.101103
 RUN 6 GENERATION 19  53.8  89.878742  52.928316  28.525878
 RUN 6 GENERATION 20  53.8  89.878742  60.898161  26.181766
 RUN 6 GENERATION 21  53.8  89.878742  65.224682  25.116173
 RUN 6 GENERATION 22  53.8  89.878742  60.404134  24.308203
 RUN 6 GENERATION 23  53.8  89.878742  65.045037  25.261155
 RUN 6 GENERATION 24  53.8  89.878742  62.940044  25.568757
 RUN 6 GENERATION 25  53.8  89.878742  68.058582  23.465723
 RUN 6 GENERATION 26  53.8  89.878742  64.224403  26.498196
 RUN 6 GENERATION 27  53.8  89.878742  64.912274  26.827083
 RUN 6 GENERATION 28  53.8  89.878742  63.883852  28.277564
 RUN 6 GENERATION 29  53.8  89.878742  65.765653  26.67661
 RUN 7 GENERATION 0  -50.0  39.136369  -2.26445  7.803499
 RUN 7 GENERATION 1  -50.0  39.136369  4.624974  11.079262
 RUN 7 GENERATION 2  -50.0  39.136369  11.564499  9.566953
 RUN 7 GENERATION 3  -10.0  75.548962  11.187283  13.510387
 RUN 7 GENERATION 4  -10.0  75.548962  15.114533  15.993781
 RUN 7 GENERATION 5  1.6  84.49704  21.93983  22.290281
 RUN 7 GENERATION 6  27.4  87.456796  35.628596  24.756731
 RUN 7 GENERATION 7  37.0  88.485064  37.002374  24.019188
 RUN 7 GENERATION 8  37.0  88.485064  36.174266  27.534401
 RUN 7 GENERATION 9  37.0  88.485064  44.696132  26.626027
 RUN 7 GENERATION 10  37.0  88.485064  41.863856  26.973684
 RUN 7 GENERATION 11  37.0  88.485064  44.485595  26.91231
 RUN 7 GENERATION 12  37.0  88.485064  45.41716  25.56346
 RUN 7 GENERATION 13  37.0  88.485064  47.051875  25.949554
 RUN 7 GENERATION 14  37.0  88.485064  40.813438  24.557261
 RUN 7 GENERATION 15  37.0  88.485064  46.0692  24.530502
 RUN 7 GENERATION 16  37.0  88.485064  44.502055  29.111023
 RUN 7 GENERATION 17  37.0  88.485064  45.871958  27.147864
 RUN 7 GENERATION 18  37.6  88.545064  42.814685  26.012764
 RUN 7 GENERATION 19  37.6  88.545064  44.802948  24.578781
 RUN 7 GENERATION 20  37.6  88.545064  44.780636  26.194672
 RUN 7 GENERATION 21  37.6  88.545064  41.485344  22.467803
 RUN 7 GENERATION 22  43.0  89.158336  41.755512  23.830826
 RUN 7 GENERATION 23  43.0  89.158336  38.872882  24.642477
 RUN 7 GENERATION 24  43.0  89.158336  43.008973  23.896948
 RUN 7 GENERATION 25  50.8  90.017405  42.761685  26.547281
 RUN 7 GENERATION 26  50.8  90.017405  49.595678  26.802568
 RUN 7 GENERATION 27  50.8  90.017405  44.684284  26.038605
 RUN 7 GENERATION 28  50.8  90.017405  40.524265  21.816281
 RUN 7 GENERATION 29  50.8  90.017405  42.859501  26.493319
 RUN 8 GENERATION 0  -50.0  38.773463  -1.522754  8.034152
 RUN 8 GENERATION 1  -40.0  48.462666  7.738396  11.751261
 RUN 8 GENERATION 2  -40.0  48.486571  13.689797  13.519307
 RUN 8 GENERATION 3  -20.0  66.29289  19.256653  16.569209
 RUN 8 GENERATION 4  -10.0  75.228559  23.348366  19.689036
 RUN 8 GENERATION 5  19.6  86.335982  29.6748  21.765574
 RUN 8 GENERATION 6  31.0  87.752892  38.193307  19.846966
 RUN 8 GENERATION 7  38.2  88.412828  41.731516  22.109378
 RUN 8 GENERATION 8  46.0  89.13194  48.106532  27.034856
 RUN 8 GENERATION 9  46.0  89.13194  45.430758  26.446355
 RUN 8 GENERATION 10  46.0  89.13194  55.984576  30.048209
 RUN 8 GENERATION 11  46.0  89.13194  60.7209  28.95198
 RUN 8 GENERATION 12  52.6  89.903414  61.849917  31.548333
 RUN 8 GENERATION 13  52.6  89.903414  66.226221  29.017998
 RUN 8 GENERATION 14  52.6  89.903414  64.628209  29.136365
 RUN 8 GENERATION 15  52.6  89.903414  63.170255  30.744383
 RUN 8 GENERATION 16  52.6  89.903414  64.714049  27.000019
 RUN 8 GENERATION 17  52.6  89.903414  59.721565  30.236937
 RUN 8 GENERATION 18  52.6  89.903414  61.923051  29.261972
 RUN 8 GENERATION 19  52.6  89.903414  59.35961  30.222036
 RUN 8 GENERATION 20  52.6  89.903414  63.073646  30.06016
 RUN 8 GENERATION 21  52.6  89.903414  61.413058  30.304704
 RUN 8 GENERATION 22  52.6  89.903414  62.195047  28.990546
 RUN 8 GENERATION 23  52.6  89.903414  69.133004  26.97355
 RUN 8 GENERATION 24  52.6  89.903414  57.963697  31.606095
 RUN 8 GENERATION 25  52.6  89.903414  66.110031  28.084592
 RUN 8 GENERATION 26  52.6  89.903414  64.14844  30.717862
 RUN 8 GENERATION 27  52.6  89.903414  64.666876  27.589197
 RUN 8 GENERATION 28  52.6  89.903414  63.207158  30.10549
 RUN 8 GENERATION 29  52.6  89.903414  58.824287  31.212807
 RUN 9 GENERATION 0  -10.0  75.466611  -1.884884  10.895544
 RUN 9 GENERATION 1  -10.0  75.466611  5.650429  15.093886
 RUN 9 GENERATION 2  -10.0  75.466611  9.534346  16.857755
 RUN 9 GENERATION 3  20.8  86.562547  18.637457  18.329824
 RUN 9 GENERATION 4  46.0  89.252892  32.363492  27.633411
 RUN 9 GENERATION 5  47.2  89.372892  49.368201  24.921226
 RUN 9 GENERATION 6  54.4  90.156796  52.126294  26.690441
 RUN 9 GENERATION 7  54.4  90.156796  53.738553  26.547094
 RUN 9 GENERATION 8  54.4  90.156796  52.964517  26.517464
 RUN 9 GENERATION 9  54.4  90.156796  53.155944  26.99029
 RUN 9 GENERATION 10  54.4  90.156796  54.524031  26.556904
 RUN 9 GENERATION 11  54.4  90.156796  58.640264  26.343559
 RUN 9 GENERATION 12  54.4  90.156796  61.394159  26.144928
 RUN 9 GENERATION 13  55.6  90.276796  61.128391  27.150231
 RUN 9 GENERATION 14  55.6  90.276796  55.317907  29.058841
 RUN 9 GENERATION 15  55.6  90.276796  62.357741  28.910646
 RUN 9 GENERATION 16  55.6  90.276796  57.536401  27.519403
 RUN 9 GENERATION 17  55.6  90.276796  60.420013  26.991926
 RUN 9 GENERATION 18  55.6  90.276796  57.766617  27.167745
 RUN 9 GENERATION 19  58.0  90.579644  62.894124  24.884602
 RUN 9 GENERATION 20  58.0  90.579644  62.773719  27.171438
 RUN 9 GENERATION 21  58.0  90.579644  60.49675  26.599905
 RUN 9 GENERATION 22  60.4  90.819644  62.128731  26.535881
 RUN 9 GENERATION 23  60.4  90.819644  62.866009  25.070657
 RUN 9 GENERATION 24  60.4  90.819644  59.719097  25.570162
 RUN 9 GENERATION 25  60.4  90.819644  61.938172  26.163177
 RUN 9 GENERATION 26  60.4  90.819644  59.503659  26.817621
 RUN 9 GENERATION 27  60.4  90.819644  61.854243  27.41102
 RUN 9 GENERATION 28  60.4  90.819644  60.369399  27.598444
 RUN 9 GENERATION 29  60.4  90.819644  62.666271  27.447376