
 RUN 0 GENERATION 0  43.0  88.952892  10.544986  27.50733
 RUN 0 GENERATION 1  43.0  88.952892  52.337182  28.952015
 RUN 0 GENERATION 2  45.4  89.192892  67.219186  21.702282
 RUN 0 GENERATION 3  46.6  89.312892  74.305817  14.766052
 RUN 0 GENERATION 4  46.6  89.312892  74.756353  11.217498
 RUN 0 GENERATION 5  46.6  89.312892  82.767045  11.821832
 RUN 0 GENERATION 6  46.6  89.312892  83.591407  12.802207
 RUN 0 GENERATION 7  46.6  89.312892  84.131864  9.491499
 RUN 0 GENERATION 8  46.6  89.312892  82.53497  15.336041
 RUN 0 GENERATION 9  46.6  89.312892  83.255874  12.867922
 RUN 0 GENERATION 10  46.6  89.312892  80.293231  14.782711
 RUN 0 GENERATION 11  46.6  89.312892  81.734373  13.318502
 RUN 0 GENERATION 12  46.6  89.312892  80.607323  13.952658
 RUN 0 GENERATION 13  46.6  89.312892  81.863517  11.762934
 RUN 0 GENERATION 14  46.6  89.312892  84.198523  9.002696
 RUN 0 GENERATION 15  46.6  89.312892  82.600898  12.982664
 RUN 0 GENERATION 16  46.6  89.312892  83.824039  9.450307
 RUN 0 GENERATION 17  46.6  89.312892  81.688206  15.399335
 RUN 0 GENERATION 18  46.6  89.312892  82.399777  12.807267
 RUN 0 GENERATION 19  46.6  89.312892  83.94519  12.164582
 RUN 0 GENERATION 20  46.6  89.312892  82.181127  13.010434
 RUN 0 GENERATION 21  46.6  89.312892  80.202974  15.248689
 RUN 0 GENERATION 22  46.6  89.312892  80.814359  13.739556
 RUN 0 GENERATION 23  46.6  89.312892  82.047038  14.002607
 RUN 0 GENERATION 24  46.6  89.312892  81.336898  11.027235
 RUN 0 GENERATION 25  46.6  89.312892  80.394965  15.694141
 RUN 0 GENERATION 26  46.6  89.312892  82.140651  14.021249
 RUN 0 GENERATION 27  46.6  89.312892  83.111824  12.829209
 RUN 0 GENERATION 28  46.6  89.312892  81.247378  12.489854
 RUN 0 GENERATION 29  46.6  89.312892  83.468161  9.708395
 RUN 1 GENERATION 0  -10.0  75.273152  3.139712  19.98982
 RUN 1 GENERATION 1  -10.0  75.876036  42.318419  32.207118
 RUN 1 GENERATION 2  -10.0  75.876036  72.059075  13.871596
 RUN 1 GENERATION 3  -10.0  75.876036  72.884877  11.907847
 RUN 1 GENERATION 4  -10.0  75.876036  70.173392  16.628539
 RUN 1 GENERATION 5  85.6  93.549365  66.094673  23.618329
 RUN 1 GENERATION 6  88.0  93.658336  51.548526  31.180237
 RUN 1 GENERATION 7  88.0  93.658336  52.9991  31.024651
 RUN 1 GENERATION 8  88.0  93.658336  61.132308  25.188144
 RUN 1 GENERATION 9  88.0  93.658336  68.322716  20.484803
 RUN 1 GENERATION 10  88.0  93.658336  68.386995  17.865989
 RUN 1 GENERATION 11  88.0  93.658336  68.600076  18.641074
 RUN 1 GENERATION 12  88.0  93.789365  65.495368  21.660358
 RUN 1 GENERATION 13  88.0  93.789365  65.065384  22.1978
 RUN 1 GENERATION 14  88.0  93.789365  66.742707  16.923274
 RUN 1 GENERATION 15  88.0  93.789365  67.110591  21.24056
 RUN 1 GENERATION 16  88.0  93.789365  57.515421  27.455581
 RUN 1 GENERATION 17  88.0  93.789365  63.518654  23.050742
 RUN 1 GENERATION 18  88.0  93.789365  58.293423  23.795663
 RUN 1 GENERATION 19  88.0  93.789365  58.629057  26.84956
 RUN 1 GENERATION 20  88.0  93.789365  60.490448  26.060112
 RUN 1 GENERATION 21  88.0  93.789365  63.031396  25.333014
 RUN 1 GENERATION 22  88.0  93.789365  55.174339  29.367745
 RUN 1 GENERATION 23  88.0  93.789365  56.934975  27.545968
 RUN 1 GENERATION 24  88.0  93.789365  54.700211  28.519824
 RUN 1 GENERATION 25  88.0  93.789365  63.266126  23.261705
 RUN 1 GENERATION 26  88.0  93.789365  61.909233  28.317631
 RUN 1 GENERATION 27  88.0  93.789365  57.666535  28.189966
 RUN 1 GENERATION 28  90.4  93.964826  58.454144  29.257684
 RUN 1 GENERATION 29  90.4  93.964826  58.227996  26.987363
 RUN 2 GENERATION 0  17.2  86.372892  3.639791  20.670312
 RUN 2 GENERATION 1  23.2  86.856168  40.208958  28.952957
 RUN 2 GENERATION 2  76.6  92.880877  49.883634  27.715756
 RUN 2 GENERATION 3  76.6  92.880877  67.340501  19.506644
 RUN 2 GENERATION 4  76.6  92.880877  71.163103  12.743106
 RUN 2 GENERATION 5  89.8  93.838336  69.456384  20.847783
 RUN 2 GENERATION 6  91.0  94.089365  69.617459  18.901156
 RUN 2 GENERATION 7  91.0  94.089365  73.138664  22.910794
 RUN 2 GENERATION 8  91.0  94.089365  72.365212  27.198855
 RUN 2 GENERATION 9  91.0  94.089365  81.051893  21.371461
 RUN 2 GENERATION 10  91.0  94.089365  80.317492  27.324643
 RUN 2 GENERATION 11  91.0  94.089365  77.960109  28.249903
 RUN 2 GENERATION 12  91.0  94.089365  75.816137  31.073106
 RUN 2 GENERATION 13  91.0  94.089365  77.649532  29.641899
 RUN 2 GENERATION 14  91.0  94.089365  82.646249  25.582507
 RUN 2 GENERATION 15  91.0  94.089365  78.997897  28.732713
 RUN 2 GENERATION 16  91.0  94.089365  79.675193  27.526505
 RUN 2 GENERATION 17  91.0  94.089365  82.409186  21.967185
 RUN 2 GENERATION 18  91.0  94.089365  77.383884  29.350797
 RUN 2 GENERATION 19  91.0  94.089365  77.968088  30.543523
 RUN 2 GENERATION 20  91.0  94.089365  73.945415  32.513482
 RUN 2 GENERATION 21  91.0  94.089365  79.140611  30.010118
 RUN 2 GENERATION 22  91.0  94.089365  79.410041  27.335724
 RUN 2 GENERATION 23  91.0  94.089365  79.118432  29.288791
 RUN 2 GENERATION 24  91.0  94.089365  76.498426  31.104962
 RUN 2 GENERATION 25  91.0  94.089365  77.65351  30.093438
 RUN 2 GENERATION 26  91.0  94.089365  81.149168  26.828195
 RUN 2 GENERATION 27  91.0  94.089365  76.975441  32.299733
 RUN 2 GENERATION 28  91.0  94.089365  78.962862  28.47675
 RUN 2 GENERATION 29  91.0  94.089365  81.756415  25.555106
 RUN 3 GENERATION 0  43.6  89.056695  7.853246  25.155179
 RUN 3 GENERATION 1  44.8  89.132892  54.342401  27.193672
 RUN 3 GENERATION 2  49.0  89.538708  62.772517  21.191562
 RUN 3 GENERATION 3  59.8  90.671732  70.389562  15.411782
 RUN 3 GENERATION 4  70.6  91.766695  78.328052  20.117353
 RUN 3 GENERATION 5  76.6  92.298708  81.312964  22.858969
 RUN 3 GENERATION 6  76.6  92.298708  72.109402  32.243559
 RUN 3 GENERATION 7  76.6  92.298708  72.350626  29.788339
 RUN 3 GENERATION 8  76.6  92.298708  78.979345  24.960824
 RUN 3 GENERATION 9  76.6  92.298708  74.339694  29.462467
 RUN 3 GENERATION 10  77.8  92.418708  75.554005  27.943149
 RUN 3 GENERATION 11  77.8  92.418708  75.170614  28.361111
 RUN 3 GENERATION 12  77.8  92.418708  74.322738  28.808792
 RUN 3 GENERATION 13  77.8  92.418708  69.184773  34.955438
 RUN 3 GENERATION 14  77.8  92.418708  69.917257  30.895135
 RUN 3 GENERATION 15  77.8  92.418708  72.803839  30.4569
 RUN 3 GENERATION 16  77.8  92.418708  72.055186  31.89924
 RUN 3 GENERATION 17  77.8  92.418708  67.219159  34.44556
 RUN 3 GENERATION 18  77.8  92.418708  62.174748  34.886452
 RUN 3 GENERATION 19  77.8  92.418708  74.425303  29.579425
 RUN 3 GENERATION 20  77.8  92.418708  76.364769  27.141669
 RUN 3 GENERATION 21  77.8  92.418708  72.030751  33.223164
 RUN 3 GENERATION 22  77.8  92.418708  67.666789  33.10754
 RUN 3 GENERATION 23  77.8  92.418708  69.906618  32.56399
 RUN 3 GENERATION 24  77.8  92.418708  72.506035  32.370483
 RUN 3 GENERATION 25  77.8  92.418708  73.264339  30.422818
 RUN 3 GENERATION 26  77.8  92.418708  63.920603  36.168933
 RUN 3 GENERATION 27  77.8  92.418708  69.140856  32.153478
 RUN 3 GENERATION 28  77.8  92.418708  72.316732  31.991079
 RUN 3 GENERATION 29  77.8  92.418708  73.758973  28.079748
 RUN 4 GENERATION 0  29.2  87.512828  4.620636  22.399517
 RUN 4 GENERATION 1  29.2  87.512828  48.780153  30.261753
 RUN 4 GENERATION 2  29.2  87.512828  69.381456  16.013962
 RUN 4 GENERATION 3  34.0  87.93194  72.368396  7.644168
 RUN 4 GENERATION 4  40.0  88.652892  70.123971  10.709436
 RUN 4 GENERATION 5  43.0  88.952892  73.615677  15.397304
 RUN 4 GENERATION 6  43.0  88.952892  85.51927  9.288519
 RUN 4 GENERATION 7  43.0  88.952892  85.762244  8.354024
 RUN 4 GENERATION 8  44.2  89.072892  84.188608  13.170952
 RUN 4 GENERATION 9  44.2  89.072892  83.564289  15.486412
 RUN 4 GENERATION 10  44.2  89.072892  86.454048  9.008126
 RUN 4 GENERATION 11  44.8  89.132892  84.889268  9.026831
 RUN 4 GENERATION 12  45.4  89.192892  85.867364  9.296431
 RUN 4 GENERATION 13  45.4  89.192892  86.102183  6.26571
 RUN 4 GENERATION 14  45.4  89.192892  83.263161  16.372435
 RUN 4 GENERATION 15  45.4  89.192892  82.453224  16.232246
 RUN 4 GENERATION 16  45.4  89.192892  84.748689  13.454556
 RUN 4 GENERATION 17  45.4  89.192892  85.622867  7.352904
 RUN 4 GENERATION 18  45.4  89.192892  85.799744  7.767837
 RUN 4 GENERATION 19  45.4  89.192892  80.697062  18.662258
 RUN 4 GENERATION 20  45.4  89.192892  79.686077  19.109696
 RUN 4 GENERATION 21  45.4  89.192892  84.939016  9.157833
 RUN 4 GENERATION 22  45.4  89.192892  82.952626  15.244187
 RUN 4 GENERATION 23  45.4  89.192892  83.473601  14.194813
 RUN 4 GENERATION 24  45.4  89.192892  82.993831  14.578663
 RUN 4 GENERATION 25  45.4  89.192892  84.509941  12.507975
 RUN 4 GENERATION 26  45.4  89.192892  83.694826  15.215671
 RUN 4 GENERATION 27  45.4  89.192892  83.588588  10.569857
 RUN 4 GENERATION 28  45.4  89.192892  84.186522  13.930027
 RUN 4 GENERATION 29  45.4  89.192892  84.416386  12.982248
 RUN 5 GENERATION 0  28.0  87.406372  11.451207  28.807674
 RUN 5 GENERATION 1  43.6  89.051732  59.065921  27.7367
 RUN 5 GENERATION 2  43.6  89.061683  75.888704  10.198111
 RUN 5 GENERATION 3  46.0  89.311733  81.713636  16.452814
 RUN 5 GENERATION 4  46.0  89.311733  82.429101  15.194296
 RUN 5 GENERATION 5  47.2  89.436796  84.971221  12.686746
 RUN 5 GENERATION 6  47.2  89.436796  84.90695  7.965125
 RUN 5 GENERATION 7  47.2  89.436796  85.156531  11.026108
 RUN 5 GENERATION 8  48.4  89.556796  83.657057  17.274569
 RUN 5 GENERATION 9  49.6  89.671733  83.842146  17.828147
 RUN 5 GENERATION 10  49.6  89.676796  84.085178  17.961308
 RUN 5 GENERATION 11  49.6  89.676796  83.129198  18.649819
 RUN 5 GENERATION 12  49.6  89.676796  84.7636  14.718885
 RUN 5 GENERATION 13  52.0  89.891732  83.532599  18.149488
 RUN 5 GENERATION 14  65.8  91.296796  85.614301  16.551881
 RUN 5 GENERATION 15  65.8  91.296796  86.471944  12.151845
 RUN 5 GENERATION 16  73.0  92.011733  83.303167  18.68989
 RUN 5 GENERATION 17  73.0  92.011733  86.512485  8.634652
 RUN 5 GENERATION 18  73.0  92.011733  85.334499  14.75526
 RUN 5 GENERATION 19  73.0  92.011733  85.144645  13.730306
 RUN 5 GENERATION 20  73.0  92.011733  78.911447  23.521768
 RUN 5 GENERATION 21  73.0  92.011733  82.380569  19.687193
 RUN 5 GENERATION 22  73.0  92.011733  83.06562  20.976596
 RUN 5 GENERATION 23  73.0  92.011733  83.322751  17.409394
 RUN 5 GENERATION 24  73.0  92.011733  84.336507  16.372139
 RUN 5 GENERATION 25  73.0  92.011733  84.591698  11.308687
 RUN 5 GENERATION 26  73.6  92.071733  82.385044  21.840782
 RUN 5 GENERATION 27  73.6  92.071733  83.508888  15.941258
 RUN 5 GENERATION 28  73.6  92.071733  84.335259  18.046282
 RUN 5 GENERATION 29  73.6  92.076796  82.823893  18.02467
 RUN 6 GENERATION 0  -10.0  75.273152  6.915407  24.225072
 RUN 6 GENERATION 1  20.8  86.732892  47.238546  30.6858
 RUN 6 GENERATION 2  34.6  88.176796  61.399451  25.417827
 RUN 6 GENERATION 3  34.6  88.176796  79.457668  11.354917
 RUN 6 GENERATION 4  35.8  88.296796  80.630858  11.157831
 RUN 6 GENERATION 5  38.2  88.536796  80.488737  14.201304
 RUN 6 GENERATION 6  38.2  88.536796  81.922323  10.993629
 RUN 6 GENERATION 7  38.2  88.536796  82.882115  7.071432
 RUN 6 GENERATION 8  38.2  88.536796  79.580903  16.944838
 RUN 6 GENERATION 9  38.2  88.536796  82.081073  7.519531
 RUN 6 GENERATION 10  38.8  88.596796  82.418738  8.092971
 RUN 6 GENERATION 11  38.8  88.596796  82.174246  6.523057
 RUN 6 GENERATION 12  38.8  88.596796  81.568986  13.285531
 RUN 6 GENERATION 13  38.8  88.596796  81.773218  6.880724
 RUN 6 GENERATION 14  38.8  88.596796  80.604892  10.97894
 RUN 6 GENERATION 15  38.8  88.596796  78.558863  16.666174
 RUN 6 GENERATION 16  38.8  88.596796  80.738547  7.159535
 RUN 6 GENERATION 17  38.8  88.596796  81.300779  6.999215
 RUN 6 GENERATION 18  38.8  88.596796  81.132053  11.167718
 RUN 6 GENERATION 19  38.8  88.596796  79.265104  12.607665
 RUN 6 GENERATION 20  38.8  88.596796  81.868831  6.214002
 RUN 6 GENERATION 21  38.8  88.596796  79.819166  12.52708
 RUN 6 GENERATION 22  38.8  88.596796  79.360672  10.607832
 RUN 6 GENERATION 23  55.0  90.285064  81.756395  9.64146
 RUN 6 GENERATION 24  55.0  90.285064  78.264095  16.415693
 RUN 6 GENERATION 25  55.0  90.285064  79.75522  13.927277
 RUN 6 GENERATION 26  55.0  90.285064  78.643385  14.167525
 RUN 6 GENERATION 27  55.0  90.285064  79.47959  10.123527
 RUN 6 GENERATION 28  55.0  90.285064  81.836788  13.206751
 RUN 6 GENERATION 29  55.0  90.285064  79.841721  13.610247
 RUN 7 GENERATION 0  41.8  88.876695  9.561602  27.964944
 RUN 7 GENERATION 1  41.8  88.876695  54.269296  30.812747
 RUN 7 GENERATION 2  44.2  89.167727  74.476307  20.44025
 RUN 7 GENERATION 3  44.2  89.167727  84.536356  12.768126
 RUN 7 GENERATION 4  44.2  89.167727  87.28402  4.455932
 RUN 7 GENERATION 5  44.2  89.167727  84.958532  13.996716
 RUN 7 GENERATION 6  44.2  89.167727  85.709805  8.848084
 RUN 7 GENERATION 7  44.2  89.167727  83.944658  15.347561
 RUN 7 GENERATION 8  44.2  89.167727  86.647118  6.433394
 RUN 7 GENERATION 9  44.2  89.167727  85.231771  11.072933
 RUN 7 GENERATION 10  44.8  89.191733  84.718417  13.094413
 RUN 7 GENERATION 11  44.8  89.191733  83.17234  12.404318
 RUN 7 GENERATION 12  47.8  89.803266  83.938036  15.1135
 RUN 7 GENERATION 13  47.8  89.803266  83.515147  14.00164
 RUN 7 GENERATION 14  47.8  89.803266  84.176415  11.651691
 RUN 7 GENERATION 15  47.8  89.803266  82.226057  18.138023
 RUN 7 GENERATION 16  47.8  89.803266  81.091367  22.244004
 RUN 7 GENERATION 17  47.8  89.803266  76.437468  23.207975
 RUN 7 GENERATION 18  47.8  89.803266  75.404944  20.877034
 RUN 7 GENERATION 19  47.8  89.803266  63.178335  28.957839
 RUN 7 GENERATION 20  47.8  89.803266  60.29388  28.2147
 RUN 7 GENERATION 21  47.8  89.803266  57.451312  31.770504
 RUN 7 GENERATION 22  47.8  89.803266  54.214659  33.472835
 RUN 7 GENERATION 23  49.0  89.923266  53.412599  32.469281
 RUN 7 GENERATION 24  49.0  89.923266  61.082  33.019358
 RUN 7 GENERATION 25  49.0  89.923266  62.157052  28.974107
 RUN 7 GENERATION 26  49.0  89.923266  66.351738  26.432424
 RUN 7 GENERATION 27  49.0  89.923266  61.739201  29.788723
 RUN 7 GENERATION 28  49.0  89.923266  60.674157  31.797509
 RUN 7 GENERATION 29  49.0  89.923266  50.090987  35.862134
 RUN 8 GENERATION 0  -10.0  75.289573  10.26045  26.498026
 RUN 8 GENERATION 1  10.0  85.592828  49.576384  26.685831
 RUN 8 GENERATION 2  24.4  87.156796  66.350618  17.633412
 RUN 8 GENERATION 3  24.4  87.156796  71.519668  12.264564
 RUN 8 GENERATION 4  24.4  87.156796  73.305049  8.566122
 RUN 8 GENERATION 5  24.4  87.156796  72.889635  10.761869
 RUN 8 GENERATION 6  24.4  87.156796  72.987722  9.584417
 RUN 8 GENERATION 7  24.4  87.156796  72.139496  13.014243
 RUN 8 GENERATION 8  24.4  87.156796  71.563466  15.393737
 RUN 8 GENERATION 9  24.4  87.156796  71.797304  15.446506
 RUN 8 GENERATION 10  24.4  87.156796  69.727733  18.81357
 RUN 8 GENERATION 11  24.4  87.156796  73.559854  7.340374
 RUN 8 GENERATION 12  24.4  87.156796  72.600795  13.625386
 RUN 8 GENERATION 13  25.6  87.276796  74.314338  7.481983
 RUN 8 GENERATION 14  25.6  87.276796  73.665833  14.243148
 RUN 8 GENERATION 15  25.6  87.276796  75.647036  8.638221
 RUN 8 GENERATION 16  25.6  87.276796  73.883014  11.597993
 RUN 8 GENERATION 17  25.6  87.276796  74.52048  11.088249
 RUN 8 GENERATION 18  26.2  87.336796  74.462284  11.998243
 RUN 8 GENERATION 19  26.2  87.336796  76.598818  8.933672
 RUN 8 GENERATION 20  26.8  87.396796  75.803579  14.495169
 RUN 8 GENERATION 21  26.8  87.396796  76.31854  13.684071
 RUN 8 GENERATION 22  26.8  87.396796  78.60476  7.715816
 RUN 8 GENERATION 23  26.8  87.396796  75.862335  14.156004
 RUN 8 GENERATION 24  26.8  87.396796  76.942596  14.04477
 RUN 8 GENERATION 25  26.8  87.396796  75.668439  14.211952
 RUN 8 GENERATION 26  27.4  87.456796  79.42302  7.35747
 RUN 8 GENERATION 27  27.4  87.456796  75.451422  12.138077
 RUN 8 GENERATION 28  43.0  89.085064  80.227887  7.518702
 RUN 8 GENERATION 29  43.0  89.085064  77.611949  13.02132
 RUN 9 GENERATION 0  -10.0  75.273152  3.985762  22.31436
 RUN 9 GENERATION 1  18.4  86.087427  39.292859  33.97577
 RUN 9 GENERATION 2  27.4  87.392892  69.180348  21.20453
 RUN 9 GENERATION 3  30.4  87.692892  74.861699  4.252793
 RUN 9 GENERATION 4  30.4  87.692892  74.498306  12.246814
 RUN 9 GENERATION 5  35.8  88.296796  75.49277  17.871108
 RUN 9 GENERATION 6  35.8  88.296796  76.229247  20.098058
 RUN 9 GENERATION 7  35.8  88.296796  77.109247  16.928834
 RUN 9 GENERATION 8  63.4  91.125064  80.107916  7.594881
 RUN 9 GENERATION 9  63.4  91.125064  80.620773  8.381774
 RUN 9 GENERATION 10  63.4  91.125064  79.200548  16.12092
 RUN 9 GENERATION 11  63.4  91.125064  79.112672  15.007744
 RUN 9 GENERATION 12  63.4  91.125064  75.660712  17.636975
 RUN 9 GENERATION 13  79.6  92.962788  76.423817  19.722678
 RUN 9 GENERATION 14  79.6  92.962788  78.972113  15.309478
 RUN 9 GENERATION 15  91.0  94.089365  75.068695  21.82643
 RUN 9 GENERATION 16  91.0  94.089365  72.522059  22.940475
 RUN 9 GENERATION 17  91.0  94.180019  67.52934  29.563302
 RUN 9 GENERATION 18  91.0  94.180019  58.239934  29.693494
 RUN 9 GENERATION 19  91.0  94.180019  56.546121  34.109603
 RUN 9 GENERATION 20  91.0  94.180019  63.424854  29.573748
 RUN 9 GENERATION 21  91.0  94.180019  62.601101  29.092998
 RUN 9 GENERATION 22  91.0  94.180019  65.08556  29.437254
 RUN 9 GENERATION 23  91.0  94.180019  62.192253  33.740416
 RUN 9 GENERATION 24  91.0  94.180019  64.184381  31.354977
 RUN 9 GENERATION 25  91.0  94.180019  65.181033  34.476623
 RUN 9 GENERATION 26  91.0  94.180019  67.285732  31.888793
 RUN 9 GENERATION 27  91.0  94.180019  62.400915  33.203611
 RUN 9 GENERATION 28  91.0  94.180019  73.514714  24.769418
 RUN 9 GENERATION 29  91.0  94.180019  71.325148  30.170876