
 RUN 0 GENERATION 0  -40.0  48.013548  -2.888703  9.493147
 RUN 0 GENERATION 1  -40.0  48.818216  8.231853  18.968254
 RUN 0 GENERATION 2  100.0  94.785064  24.788172  21.974764
 RUN 0 GENERATION 3  100.0  94.785064  37.403168  17.780884
 RUN 0 GENERATION 4  100.0  94.785064  41.29481  15.332101
 RUN 0 GENERATION 5  100.0  94.785064  38.934871  16.812184
 RUN 0 GENERATION 6  100.0  94.852506  44.054858  20.230308
 RUN 0 GENERATION 7  100.0  94.918596  45.384138  22.441548
 RUN 0 GENERATION 8  100.0  94.918596  50.922593  25.09128
 RUN 0 GENERATION 9  100.0  94.918596  47.920113  23.46481
 RUN 0 GENERATION 10  100.0  94.918596  51.138012  24.997589
 RUN 0 GENERATION 11  100.0  94.918596  47.700042  25.423134
 RUN 0 GENERATION 12  100.0  94.918596  49.172388  24.459151
 RUN 0 GENERATION 13  100.0  94.918596  45.113622  21.798394
 RUN 0 GENERATION 14  100.0  94.918596  49.519671  24.049812
 RUN 0 GENERATION 15  100.0  94.918596  45.990502  26.09546
 RUN 0 GENERATION 16  100.0  94.918596  49.808748  24.285003
 RUN 0 GENERATION 17  100.0  94.918596  44.210233  23.619365
 RUN 0 GENERATION 18  100.0  94.918596  48.299538  24.373949
 RUN 0 GENERATION 19  100.0  94.918596  48.966621  22.40569
 RUN 0 GENERATION 20  100.0  94.918596  50.028533  24.854273
 RUN 0 GENERATION 21  100.0  94.918596  45.801256  22.980801
 RUN 0 GENERATION 22  100.0  94.918596  47.387535  22.601406
 RUN 0 GENERATION 23  100.0  94.918596  46.777745  22.945294
 RUN 0 GENERATION 24  100.0  94.918596  45.643161  22.742808
 RUN 0 GENERATION 25  100.0  94.918596  48.241728  22.306111
 RUN 0 GENERATION 26  100.0  94.918596  50.09959  24.179662
 RUN 0 GENERATION 27  100.0  94.918596  48.277228  22.1207
 RUN 0 GENERATION 28  100.0  94.918596  52.270827  23.461442
 RUN 0 GENERATION 29  100.0  94.918596  52.034494  24.918457
 RUN 1 GENERATION 0  -40.0  47.971721  -3.431009  9.6285
 RUN 1 GENERATION 1  -40.0  48.046757  6.43022  18.06875
 RUN 1 GENERATION 2  -30.0  57.018586  39.792578  8.3284
 RUN 1 GENERATION 3  -30.0  57.018586  46.567052  4.533645
 RUN 1 GENERATION 4  -30.0  57.018586  47.583648  7.544732
 RUN 1 GENERATION 5  -30.0  57.018586  50.009399  11.478362
 RUN 1 GENERATION 6  -30.0  57.018586  53.952813  8.473874
 RUN 1 GENERATION 7  -30.0  57.018586  54.856253  5.716948
 RUN 1 GENERATION 8  -30.0  57.018586  53.424165  7.404575
 RUN 1 GENERATION 9  -30.0  57.018586  53.507116  8.617021
 RUN 1 GENERATION 10  -30.0  57.018586  52.874313  10.542311
 RUN 1 GENERATION 11  -30.0  57.018586  55.040324  5.481191
 RUN 1 GENERATION 12  -30.0  57.073074  53.057737  11.257367
 RUN 1 GENERATION 13  -30.0  57.073074  51.883644  6.762526
 RUN 1 GENERATION 14  -30.0  57.073074  52.844272  6.477413
 RUN 1 GENERATION 15  -30.0  57.073074  51.879936  8.661218
 RUN 1 GENERATION 16  -30.0  57.073074  53.666463  5.661691
 RUN 1 GENERATION 17  -30.0  57.073074  53.145828  8.357009
 RUN 1 GENERATION 18  -30.0  57.073074  52.601108  8.187014
 RUN 1 GENERATION 19  -30.0  57.073074  51.684311  8.844209
 RUN 1 GENERATION 20  -30.0  57.073074  51.067737  9.01393
 RUN 1 GENERATION 21  -30.0  57.073074  51.779972  8.48323
 RUN 1 GENERATION 22  -30.0  57.073074  51.691246  9.282275
 RUN 1 GENERATION 23  -30.0  57.073074  51.214564  10.338076
 RUN 1 GENERATION 24  -30.0  57.073074  51.232966  8.204958
 RUN 1 GENERATION 25  -30.0  57.073074  52.422016  6.67171
 RUN 1 GENERATION 26  -30.0  57.073074  52.421837  10.116205
 RUN 1 GENERATION 27  -30.0  57.073074  50.889427  10.614824
 RUN 1 GENERATION 28  -30.0  57.073074  52.328192  8.586027
 RUN 1 GENERATION 29  -30.0  57.073074  52.691289  8.384586
 RUN 2 GENERATION 0  -30.0  57.003548  -2.297119  11.219417
 RUN 2 GENERATION 1  -20.0  66.2699  21.427748  19.315556
 RUN 2 GENERATION 2  -20.0  66.2699  40.440356  8.941811
 RUN 2 GENERATION 3  -20.0  66.2699  41.282766  9.623059
 RUN 2 GENERATION 4  -10.0  75.2699  43.230533  14.990722
 RUN 2 GENERATION 5  100.0  94.852506  44.975153  20.144019
 RUN 2 GENERATION 6  100.0  94.852506  46.012908  23.440804
 RUN 2 GENERATION 7  100.0  94.852506  49.975325  20.348704
 RUN 2 GENERATION 8  100.0  94.852506  46.920005  21.266686
 RUN 2 GENERATION 9  100.0  94.852506  52.300168  23.819622
 RUN 2 GENERATION 10  100.0  94.888012  49.313661  24.422127
 RUN 2 GENERATION 11  100.0  94.918596  46.529859  26.777885
 RUN 2 GENERATION 12  100.0  94.918596  49.653415  23.318468
 RUN 2 GENERATION 13  100.0  94.918596  49.166601  23.769481
 RUN 2 GENERATION 14  100.0  94.918596  45.388928  22.633645
 RUN 2 GENERATION 15  100.0  94.918596  46.150026  25.324175
 RUN 2 GENERATION 16  100.0  94.918596  50.469799  23.727066
 RUN 2 GENERATION 17  100.0  94.918596  47.820623  21.230246
 RUN 2 GENERATION 18  100.0  94.918596  49.506881  25.390525
 RUN 2 GENERATION 19  100.0  94.918596  46.946867  21.813595
 RUN 2 GENERATION 20  100.0  94.918596  49.827487  18.533113
 RUN 2 GENERATION 21  100.0  94.918596  47.733312  22.285203
 RUN 2 GENERATION 22  100.0  94.918596  52.40413  23.850071
 RUN 2 GENERATION 23  100.0  94.918596  48.27231  21.628171
 RUN 2 GENERATION 24  100.0  94.918596  49.709836  22.319369
 RUN 2 GENERATION 25  100.0  94.918596  45.776425  23.362743
 RUN 2 GENERATION 26  100.0  94.918596  51.362026  24.285692
 RUN 2 GENERATION 27  100.0  94.918596  46.915948  23.649868
 RUN 2 GENERATION 28  100.0  94.918596  52.559881  22.738781
 RUN 2 GENERATION 29  100.0  94.918596  52.872386  24.253862
 RUN 3 GENERATION 0  -20.0  66.179917  -1.912206  11.58855
 RUN 3 GENERATION 1  -20.0  66.179917  9.909274  20.142123
 RUN 3 GENERATION 2  -10.0  75.013548  32.182225  19.095857
 RUN 3 GENERATION 3  -10.0  75.179917  33.529699  19.805588
 RUN 3 GENERATION 4  -10.0  75.179917  36.865062  18.803284
 RUN 3 GENERATION 5  100.0  94.900134  39.194167  23.996177
 RUN 3 GENERATION 6  100.0  94.900134  44.543256  33.087525
 RUN 3 GENERATION 7  100.0  94.900134  43.318997  37.399056
 RUN 3 GENERATION 8  100.0  94.900134  51.975541  32.972139
 RUN 3 GENERATION 9  100.0  94.900134  46.056276  35.25317
 RUN 3 GENERATION 10  100.0  94.900134  46.229304  36.898579
 RUN 3 GENERATION 11  100.0  94.900134  47.344717  34.325306
 RUN 3 GENERATION 12  100.0  94.900134  47.041961  33.11815
 RUN 3 GENERATION 13  100.0  94.900134  53.180942  33.444501
 RUN 3 GENERATION 14  100.0  94.900134  51.816125  33.397539
 RUN 3 GENERATION 15  100.0  94.900134  51.177003  34.260946
 RUN 3 GENERATION 16  100.0  94.900134  49.719444  33.26106
 RUN 3 GENERATION 17  100.0  94.900134  49.79467  36.727813
 RUN 3 GENERATION 18  100.0  94.900134  49.28362  35.133018
 RUN 3 GENERATION 19  100.0  94.900134  49.370145  34.930551
 RUN 3 GENERATION 20  100.0  94.900134  50.399697  32.224779
 RUN 3 GENERATION 21  100.0  94.900134  46.430623  37.001166
 RUN 3 GENERATION 22  100.0  94.900134  56.819636  28.961477
 RUN 3 GENERATION 23  100.0  94.900134  40.374554  35.283797
 RUN 3 GENERATION 24  100.0  94.900134  44.394341  31.985706
 RUN 3 GENERATION 25  100.0  94.900134  51.710588  32.886414
 RUN 3 GENERATION 26  100.0  94.900134  51.168576  34.698942
 RUN 3 GENERATION 27  100.0  94.900134  47.856783  36.929966
 RUN 3 GENERATION 28  100.0  94.900134  49.121925  31.632899
 RUN 3 GENERATION 29  100.0  94.900134  49.549878  32.98862
 RUN 4 GENERATION 0  -40.0  47.450349  -2.324504  10.750258
 RUN 4 GENERATION 1  -30.0  57.296218  8.255596  17.582487
 RUN 4 GENERATION 2  -30.0  57.296218  28.577313  17.17047
 RUN 4 GENERATION 3  -30.0  57.296218  40.107534  4.258848
 RUN 4 GENERATION 4  -30.0  57.296218  41.718544  9.85003
 RUN 4 GENERATION 5  -20.0  66.057201  43.501178  12.206802
 RUN 4 GENERATION 6  -20.0  66.057201  38.882842  19.418492
 RUN 4 GENERATION 7  -20.0  66.213103  39.417114  19.463516
 RUN 4 GENERATION 8  -20.0  66.256997  37.163252  23.733159
 RUN 4 GENERATION 9  -20.0  66.256997  34.497614  23.627887
 RUN 4 GENERATION 10  -20.0  66.256997  39.370053  20.828206
 RUN 4 GENERATION 11  -10.0  74.938543  36.928734  22.560234
 RUN 4 GENERATION 12  -10.0  74.938543  34.074547  23.684154
 RUN 4 GENERATION 13  -10.0  74.938543  38.633155  23.912387
 RUN 4 GENERATION 14  -10.0  74.938543  33.275834  25.877154
 RUN 4 GENERATION 15  -10.0  74.938543  37.158111  21.614737
 RUN 4 GENERATION 16  -10.0  74.938543  35.071994  23.408082
 RUN 4 GENERATION 17  -10.0  74.938543  36.87471  23.364212
 RUN 4 GENERATION 18  -10.0  74.938543  39.314816  22.126188
 RUN 4 GENERATION 19  -10.0  74.938543  36.726493  22.881981
 RUN 4 GENERATION 20  -10.0  74.938543  40.409287  22.6286
 RUN 4 GENERATION 21  -10.0  74.938543  36.185398  24.716893
 RUN 4 GENERATION 22  -10.0  74.938543  35.906126  23.760782
 RUN 4 GENERATION 23  -10.0  74.938543  31.895336  25.617397
 RUN 4 GENERATION 24  -10.0  74.938543  36.224326  24.687078
 RUN 4 GENERATION 25  -10.0  75.065106  35.467848  24.854258
 RUN 4 GENERATION 26  -10.0  75.065106  35.056659  25.139578
 RUN 4 GENERATION 27  -10.0  75.065106  38.676809  24.379763
 RUN 4 GENERATION 28  -10.0  75.065106  40.001374  25.221499
 RUN 4 GENERATION 29  -10.0  75.065106  38.298307  24.684244
 RUN 5 GENERATION 0  -30.0  57.231679  -2.306529  11.947316
 RUN 5 GENERATION 1  -30.0  57.231679  10.835118  20.214784
 RUN 5 GENERATION 2  -30.0  57.2699  38.675122  5.217612
 RUN 5 GENERATION 3  38.0  88.099556  38.991343  9.165758
 RUN 5 GENERATION 4  38.0  88.099556  40.20899  10.536745
 RUN 5 GENERATION 5  100.0  94.785064  42.609921  17.52549
 RUN 5 GENERATION 6  100.0  94.918596  43.294341  19.476287
 RUN 5 GENERATION 7  100.0  94.918596  44.652105  20.479981
 RUN 5 GENERATION 8  100.0  94.918596  47.286045  23.146993
 RUN 5 GENERATION 9  100.0  94.918596  42.569482  21.345658
 RUN 5 GENERATION 10  100.0  94.918596  48.882464  20.449177
 RUN 5 GENERATION 11  100.0  94.918596  47.693807  23.418973
 RUN 5 GENERATION 12  100.0  94.918596  51.541127  24.30932
 RUN 5 GENERATION 13  100.0  94.918596  52.29987  22.22777
 RUN 5 GENERATION 14  100.0  94.918596  48.043364  26.859643
 RUN 5 GENERATION 15  100.0  94.918596  43.612648  24.686394
 RUN 5 GENERATION 16  100.0  94.918596  49.374302  23.641398
 RUN 5 GENERATION 17  100.0  94.918596  50.438396  22.612207
 RUN 5 GENERATION 18  100.0  94.918596  43.960302  21.807377
 RUN 5 GENERATION 19  100.0  94.918596  49.829568  23.170231
 RUN 5 GENERATION 20  100.0  94.918596  51.962269  23.45512
 RUN 5 GENERATION 21  100.0  94.918596  46.325488  23.479223
 RUN 5 GENERATION 22  100.0  94.918596  46.998246  22.909027
 RUN 5 GENERATION 23  100.0  94.918596  47.587303  23.57732
 RUN 5 GENERATION 24  100.0  94.918596  47.542563  22.572171
 RUN 5 GENERATION 25  100.0  94.918596  51.857644  25.065987
 RUN 5 GENERATION 26  100.0  94.918596  48.192097  22.253592
 RUN 5 GENERATION 27  100.0  94.918596  54.668544  23.462811
 RUN 5 GENERATION 28  100.0  94.918596  47.817623  23.164768
 RUN 5 GENERATION 29  100.0  94.918596  48.556065  22.831547
 RUN 6 GENERATION 0  -40.0  48.070411  -3.342925  9.750265
 RUN 6 GENERATION 1  -40.0  48.070411  6.646831  14.85645
 RUN 6 GENERATION 2  -20.0  66.203942  28.634307  14.975665
 RUN 6 GENERATION 3  -20.0  66.203942  41.512896  11.432591
 RUN 6 GENERATION 4  -20.0  66.203942  42.317835  11.2398
 RUN 6 GENERATION 5  -20.0  66.203942  39.922966  12.872868
 RUN 6 GENERATION 6  -20.0  66.203942  39.560826  14.9394
 RUN 6 GENERATION 7  -20.0  66.203942  40.836902  14.499604
 RUN 6 GENERATION 8  20.0  86.206986  41.999052  13.786598
 RUN 6 GENERATION 9  20.0  86.206986  44.090054  13.471146
 RUN 6 GENERATION 10  20.0  86.206986  42.612146  14.036903
 RUN 6 GENERATION 11  20.0  86.206986  41.003649  15.131266
 RUN 6 GENERATION 12  20.0  86.206986  43.458717  13.556496
 RUN 6 GENERATION 13  20.0  86.206986  42.103194  16.199637
 RUN 6 GENERATION 14  20.0  86.206986  42.037943  18.168724
 RUN 6 GENERATION 15  20.0  86.206986  44.097557  16.618435
 RUN 6 GENERATION 16  20.0  86.206986  46.121139  15.576154
 RUN 6 GENERATION 17  20.0  86.206986  45.805518  15.29189
 RUN 6 GENERATION 18  20.0  86.206986  43.804661  17.053898
 RUN 6 GENERATION 19  20.0  86.206986  43.464651  18.388684
 RUN 6 GENERATION 20  20.0  86.206986  43.381799  18.649176
 RUN 6 GENERATION 21  20.0  86.206986  46.882761  16.904672
 RUN 6 GENERATION 22  20.0  86.206986  46.719097  16.713504
 RUN 6 GENERATION 23  20.0  86.206986  48.007564  17.177566
 RUN 6 GENERATION 24  20.0  86.206986  46.985847  18.721966
 RUN 6 GENERATION 25  20.0  86.206986  44.6035  18.520053
 RUN 6 GENERATION 26  20.0  86.206986  42.840044  17.351476
 RUN 6 GENERATION 27  20.0  86.206986  47.027974  18.638681
 RUN 6 GENERATION 28  20.0  86.206986  46.988705  17.336715
 RUN 6 GENERATION 29  20.0  86.206986  44.966082  18.059374
 RUN 7 GENERATION 0  -50.0  39.330119  -3.096069  8.86505
 RUN 7 GENERATION 1  -40.0  48.041575  12.140692  18.941226
 RUN 7 GENERATION 2  -10.0  75.2699  35.207859  12.368423
 RUN 7 GENERATION 3  -10.0  75.2699  34.086869  15.489699
 RUN 7 GENERATION 4  -10.0  75.2699  38.769501  10.733612
 RUN 7 GENERATION 5  -10.0  75.2699  35.283977  15.595862
 RUN 7 GENERATION 6  -10.0  75.2699  39.700283  13.610092
 RUN 7 GENERATION 7  -10.0  75.2699  41.243874  16.059997
 RUN 7 GENERATION 8  -10.0  75.2699  46.887998  17.572615
 RUN 7 GENERATION 9  -10.0  75.2699  46.891505  14.889264
 RUN 7 GENERATION 10  -10.0  75.2699  50.908058  10.397237
 RUN 7 GENERATION 11  -10.0  75.2699  44.936217  14.293033
 RUN 7 GENERATION 12  -10.0  75.2699  45.909515  11.010546
 RUN 7 GENERATION 13  -10.0  75.2699  45.034015  13.56362
 RUN 7 GENERATION 14  -10.0  75.2699  41.620559  12.823
 RUN 7 GENERATION 15  -10.0  75.2699  44.288974  11.36897
 RUN 7 GENERATION 16  -10.0  75.2699  43.493426  12.018114
 RUN 7 GENERATION 17  -10.0  75.2699  46.992447  12.204879
 RUN 7 GENERATION 18  -10.0  75.2699  41.065377  13.296566
 RUN 7 GENERATION 19  100.0  94.785064  45.384499  14.931679
 RUN 7 GENERATION 20  100.0  94.785064  45.134631  13.793313
 RUN 7 GENERATION 21  100.0  94.785064  42.816815  12.057691
 RUN 7 GENERATION 22  100.0  94.785064  42.397376  16.346536
 RUN 7 GENERATION 23  100.0  94.785064  41.442119  15.247962
 RUN 7 GENERATION 24  100.0  94.864202  41.082038  18.97104
 RUN 7 GENERATION 25  100.0  94.864202  43.867457  19.201097
 RUN 7 GENERATION 26  100.0  94.864202  42.01057  21.016908
 RUN 7 GENERATION 27  100.0  94.864202  45.789883  20.558866
 RUN 7 GENERATION 28  100.0  94.864202  44.836886  24.340502
 RUN 7 GENERATION 29  100.0  94.864202  39.295478  19.013729
 RUN 8 GENERATION 0  -50.0  39.013548  -2.972555  8.865136
 RUN 8 GENERATION 1  -50.0  39.013548  6.252521  14.738177
 RUN 8 GENERATION 2  -10.0  75.018586  24.163978  16.033007
 RUN 8 GENERATION 3  100.0  94.900134  36.898024  14.345826
 RUN 8 GENERATION 4  100.0  94.900134  37.160092  13.499706
 RUN 8 GENERATION 5  100.0  94.900134  37.867409  15.857175
 RUN 8 GENERATION 6  100.0  94.900134  38.545583  15.221948
 RUN 8 GENERATION 7  100.0  94.900134  38.135103  17.415599
 RUN 8 GENERATION 8  100.0  94.900134  42.198664  23.185596
 RUN 8 GENERATION 9  100.0  94.900134  42.01436  31.728389
 RUN 8 GENERATION 10  100.0  94.900134  45.176301  36.634139
 RUN 8 GENERATION 11  100.0  94.900134  46.533326  38.225052
 RUN 8 GENERATION 12  100.0  94.900134  38.167702  36.140369
 RUN 8 GENERATION 13  100.0  94.900134  43.021763  36.236826
 RUN 8 GENERATION 14  100.0  94.900134  42.616354  36.486216
 RUN 8 GENERATION 15  100.0  94.900134  43.955936  37.222301
 RUN 8 GENERATION 16  100.0  94.900134  45.744675  36.449366
 RUN 8 GENERATION 17  100.0  94.900134  44.817649  40.131156
 RUN 8 GENERATION 18  100.0  94.900134  43.521005  36.46078
 RUN 8 GENERATION 19  100.0  94.900134  49.493898  37.914834
 RUN 8 GENERATION 20  100.0  94.900134  49.34714  38.029189
 RUN 8 GENERATION 21  100.0  94.900134  42.442344  38.636348
 RUN 8 GENERATION 22  100.0  94.900134  39.462605  37.585723
 RUN 8 GENERATION 23  100.0  94.900134  49.218375  34.383462
 RUN 8 GENERATION 24  100.0  94.900134  47.094965  35.815118
 RUN 8 GENERATION 25  100.0  94.900134  44.435269  35.941158
 RUN 8 GENERATION 26  100.0  94.900134  48.421239  38.359128
 RUN 8 GENERATION 27  100.0  94.900134  45.559946  37.624915
 RUN 8 GENERATION 28  100.0  94.900134  45.244505  36.934724
 RUN 8 GENERATION 29  100.0  94.900134  40.020174  39.311505
 RUN 9 GENERATION 0  -20.0  65.541662  -1.022958  13.439235
 RUN 9 GENERATION 1  -20.0  66.070411  15.482267  20.48772
 RUN 9 GENERATION 2  100.0  94.900134  35.342973  21.872651
 RUN 9 GENERATION 3  100.0  94.900134  23.723085  28.190433
 RUN 9 GENERATION 4  100.0  94.900134  30.385113  35.007359
 RUN 9 GENERATION 5  100.0  94.900134  35.441677  36.270238
 RUN 9 GENERATION 6  100.0  94.900134  43.927665  33.582815
 RUN 9 GENERATION 7  100.0  94.900134  46.393979  31.860366
 RUN 9 GENERATION 8  100.0  94.900134  48.942957  30.498075
 RUN 9 GENERATION 9  100.0  94.900134  48.364548  33.172162
 RUN 9 GENERATION 10  100.0  94.900134  52.190529  31.732302
 RUN 9 GENERATION 11  100.0  94.900134  50.142113  31.68861
 RUN 9 GENERATION 12  100.0  94.900134  55.17916  30.477183
 RUN 9 GENERATION 13  100.0  94.900134  52.534761  31.833157
 RUN 9 GENERATION 14  100.0  94.900134  58.271999  29.118054
 RUN 9 GENERATION 15  100.0  94.900134  53.809778  31.98992
 RUN 9 GENERATION 16  100.0  94.900134  49.486842  31.621596
 RUN 9 GENERATION 17  100.0  94.900134  49.345744  33.756857
 RUN 9 GENERATION 18  100.0  94.900134  52.29645  31.480442
 RUN 9 GENERATION 19  100.0  94.900134  50.407715  34.413759
 RUN 9 GENERATION 20  100.0  94.900134  52.981034  31.985887
 RUN 9 GENERATION 21  100.0  94.900134  50.100478  32.925099
 RUN 9 GENERATION 22  100.0  94.900134  51.951876  33.27988
 RUN 9 GENERATION 23  100.0  94.900134  50.382835  31.107394
 RUN 9 GENERATION 24  100.0  94.900134  54.63027  29.199236
 RUN 9 GENERATION 25  100.0  94.900134  53.340763  32.980259
 RUN 9 GENERATION 26  100.0  94.900134  51.740529  33.801952
 RUN 9 GENERATION 27  100.0  94.900134  46.60216  33.250555
 RUN 9 GENERATION 28  100.0  94.900134  50.839629  34.812117
 RUN 9 GENERATION 29  100.0  94.900134  47.735904  31.819755
 RUN 0 GENERATION 0  -50.0  39.044163  -2.835201  9.495161
 RUN 0 GENERATION 1  -30.0  57.231679  13.833658  21.060248
 RUN 0 GENERATION 2  -20.0  66.127882  35.701813  17.10246
 RUN 0 GENERATION 3  -20.0  66.127882  35.263586  20.107161
 RUN 0 GENERATION 4  -20.0  66.127882  43.714092  14.05889