
 RUN 0 GENERATION 0  -10.0  75.253797  2.410739  19.82478
 RUN 0 GENERATION 1  1.0  84.752892  40.886952  30.624258
 RUN 0 GENERATION 2  1.0  84.752892  57.617585  23.088345
 RUN 0 GENERATION 3  1.0  84.752892  69.597637  15.535492
 RUN 0 GENERATION 4  16.6  86.312892  69.652492  18.130959
 RUN 0 GENERATION 5  80.8  92.938336  71.841948  15.939864
 RUN 0 GENERATION 6  80.8  92.938336  70.58717  21.383129
 RUN 0 GENERATION 7  80.8  92.938336  71.538688  25.894669
 RUN 0 GENERATION 8  80.8  92.938336  68.532304  26.861368
 RUN 0 GENERATION 9  80.8  92.938336  71.583737  23.696153
 RUN 0 GENERATION 10  80.8  92.938336  69.279698  26.723142
 RUN 0 GENERATION 11  80.8  92.938336  69.407736  30.45236
 RUN 0 GENERATION 12  80.8  92.938336  69.155434  25.091643
 RUN 0 GENERATION 13  80.8  92.938336  64.864021  28.808893
 RUN 0 GENERATION 14  80.8  92.938336  68.324058  26.963654
 RUN 0 GENERATION 15  80.8  92.938336  74.769854  22.872468
 RUN 0 GENERATION 16  80.8  92.938336  71.225613  24.149529
 RUN 0 GENERATION 17  91.0  94.180019  68.548065  27.892457
 RUN 0 GENERATION 18  94.6  94.639718  69.00409  27.404276
 RUN 0 GENERATION 19  94.6  94.639718  66.272568  29.897167
 RUN 0 GENERATION 20  94.6  94.639718  68.870231  26.52907
 RUN 0 GENERATION 21  94.6  94.639718  72.399181  24.947618
 RUN 0 GENERATION 22  94.6  94.639718  73.179921  25.604652
 RUN 0 GENERATION 23  94.6  94.639718  63.729849  31.519207
 RUN 0 GENERATION 24  94.6  94.639718  69.114626  25.560226
 RUN 0 GENERATION 25  94.6  94.639718  69.883927  28.237145
 RUN 0 GENERATION 26  94.6  94.639718  67.580458  31.455897
 RUN 0 GENERATION 27  94.6  94.639718  63.698192  33.170162
 RUN 0 GENERATION 28  94.6  94.639718  61.267838  33.181091
 RUN 0 GENERATION 29  94.6  94.639718  68.084519  27.546579
 RUN 1 GENERATION 0  42.4  88.797582  7.411652  25.801764
 RUN 1 GENERATION 1  42.4  88.797582  43.824946  31.685426
 RUN 1 GENERATION 2  55.6  90.256695  50.510416  31.287017
 RUN 1 GENERATION 3  55.6  90.256695  70.614361  26.896879
 RUN 1 GENERATION 4  58.0  90.491732  83.68822  17.122317
 RUN 1 GENERATION 5  61.6  90.846794  78.765848  26.164719
 RUN 1 GENERATION 6  61.6  90.846794  83.499566  18.66119
 RUN 1 GENERATION 7  61.6  90.846794  79.467776  24.308763
 RUN 1 GENERATION 8  61.6  90.846794  84.561306  15.075917
 RUN 1 GENERATION 9  61.6  90.846794  83.460616  18.50246
 RUN 1 GENERATION 10  61.6  90.846794  82.766112  21.276698
 RUN 1 GENERATION 11  61.6  90.846794  83.772226  17.060902
 RUN 1 GENERATION 12  61.6  90.856695  82.586237  19.82895
 RUN 1 GENERATION 13  61.6  90.856695  85.147703  15.648844
 RUN 1 GENERATION 14  61.6  90.861683  83.826923  18.669344
 RUN 1 GENERATION 15  61.6  90.861683  82.862037  17.659974
 RUN 1 GENERATION 16  61.6  90.861683  81.691922  21.550617
 RUN 1 GENERATION 17  61.6  90.861683  85.983046  13.724955
 RUN 1 GENERATION 18  61.6  90.861683  81.444027  19.333232
 RUN 1 GENERATION 19  61.6  90.861683  85.126913  14.104367
 RUN 1 GENERATION 20  61.6  90.861683  82.018455  20.429813
 RUN 1 GENERATION 21  61.6  90.861683  81.779254  20.201971
 RUN 1 GENERATION 22  62.2  90.868142  83.556493  15.064609
 RUN 1 GENERATION 23  62.2  90.868142  72.720309  31.887289
 RUN 1 GENERATION 24  62.2  90.868142  74.580422  29.415014
 RUN 1 GENERATION 25  62.2  90.868142  76.737207  28.322368
 RUN 1 GENERATION 26  62.2  90.868142  78.601618  24.569428
 RUN 1 GENERATION 27  67.6  91.403414  74.543452  28.000914
 RUN 1 GENERATION 28  67.6  91.403414  79.737404  21.455016
 RUN 1 GENERATION 29  67.6  91.403414  80.893885  21.936298
 RUN 2 GENERATION 0  -10.0  75.273152  7.676413  25.717436
 RUN 2 GENERATION 1  37.6  88.412892  48.503087  29.940344
 RUN 2 GENERATION 2  37.6  88.412892  61.847634  21.994445
 RUN 2 GENERATION 3  37.6  88.412892  64.867238  23.427898
 RUN 2 GENERATION 4  45.4  89.192892  68.428691  14.460046
 RUN 2 GENERATION 5  45.4  89.192892  72.474621  16.260759
 RUN 2 GENERATION 6  45.4  89.192892  80.251495  10.830836
 RUN 2 GENERATION 7  45.4  89.192892  82.60855  11.448621
 RUN 2 GENERATION 8  45.4  89.192892  78.094455  15.925643
 RUN 2 GENERATION 9  45.4  89.192892  80.896323  15.705906
 RUN 2 GENERATION 10  45.4  89.192892  79.059514  15.213804
 RUN 2 GENERATION 11  45.4  89.192892  79.079576  16.318069
 RUN 2 GENERATION 12  45.4  89.192892  79.748397  14.313559
 RUN 2 GENERATION 13  45.4  89.192892  80.24063  17.445444
 RUN 2 GENERATION 14  45.4  89.192892  78.012707  19.417449
 RUN 2 GENERATION 15  45.4  89.192892  78.370431  20.215704
 RUN 2 GENERATION 16  45.4  89.192892  80.27358  13.427819
 RUN 2 GENERATION 17  45.4  89.192892  81.964807  10.011302
 RUN 2 GENERATION 18  45.4  89.192892  80.819383  12.739668
 RUN 2 GENERATION 19  45.4  89.192892  80.911328  13.801533
 RUN 2 GENERATION 20  45.4  89.192892  80.869282  12.229927
 RUN 2 GENERATION 21  45.4  89.192892  82.146243  13.837638
 RUN 2 GENERATION 22  45.4  89.192892  80.480008  10.757472
 RUN 2 GENERATION 23  45.4  89.192892  81.241106  10.402612
 RUN 2 GENERATION 24  45.4  89.192892  80.6895  11.926614
 RUN 2 GENERATION 25  45.4  89.192892  82.909567  9.482061
 RUN 2 GENERATION 26  79.6  92.818336  79.961499  11.506838
 RUN 2 GENERATION 27  80.2  92.878336  76.804109  19.553811
 RUN 2 GENERATION 28  80.8  92.938336  74.328129  18.50091
 RUN 2 GENERATION 29  80.8  92.938336  68.900528  22.791743
 RUN 3 GENERATION 0  23.8  87.096796  5.787368  24.08354
 RUN 3 GENERATION 1  38.8  88.566794  38.123328  34.041338
 RUN 3 GENERATION 2  38.8  88.566794  68.590555  15.736884
 RUN 3 GENERATION 3  38.8  88.566794  65.75187  17.422923
 RUN 3 GENERATION 4  42.4  88.951733  71.046931  15.956874
 RUN 3 GENERATION 5  43.0  88.952892  77.925357  18.803674
 RUN 3 GENERATION 6  44.2  89.178253  82.479233  15.302567
 RUN 3 GENERATION 7  47.8  89.476695  82.006349  15.65624
 RUN 3 GENERATION 8  47.8  89.476695  82.631985  15.419382
 RUN 3 GENERATION 9  47.8  89.476695  86.069396  8.982556
 RUN 3 GENERATION 10  47.8  89.476695  84.208571  14.024586
 RUN 3 GENERATION 11  47.8  89.476695  85.054955  12.762444
 RUN 3 GENERATION 12  47.8  89.476695  84.22382  14.784691
 RUN 3 GENERATION 13  47.8  89.476695  84.432231  14.822854
 RUN 3 GENERATION 14  47.8  89.476695  83.163919  16.373248
 RUN 3 GENERATION 15  49.6  89.676796  85.53586  10.214246
 RUN 3 GENERATION 16  49.6  89.676796  86.140075  8.488281
 RUN 3 GENERATION 17  49.6  89.676796  85.770506  8.98611
 RUN 3 GENERATION 18  49.6  89.676796  84.631348  10.076489
 RUN 3 GENERATION 19  49.6  89.676796  81.493102  19.241919
 RUN 3 GENERATION 20  50.8  89.786695  83.606979  15.082285
 RUN 3 GENERATION 21  52.6  89.971733  84.424371  9.675731
 RUN 3 GENERATION 22  71.2  91.831733  85.048335  9.238161
 RUN 3 GENERATION 23  71.2  91.831733  80.861288  17.151504
 RUN 3 GENERATION 24  71.2  91.831733  82.686444  11.968572
 RUN 3 GENERATION 25  71.2  91.831733  82.548035  15.627496
 RUN 3 GENERATION 26  71.2  91.831733  80.211491  16.922052
 RUN 3 GENERATION 27  74.8  92.181683  85.788834  9.168494
 RUN 3 GENERATION 28  77.2  92.411732  82.395787  11.030424
 RUN 3 GENERATION 29  77.2  92.416695  82.459669  13.7242
 RUN 4 GENERATION 0  22.6  86.454865  7.140206  24.652437
 RUN 4 GENERATION 1  80.2  92.878336  47.424472  30.716797
 RUN 4 GENERATION 2  80.2  92.878336  55.352776  30.54138
 RUN 4 GENERATION 3  80.2  92.878336  69.155397  19.546678
 RUN 4 GENERATION 4  80.2  92.878336  70.427353  17.945089
 RUN 4 GENERATION 5  80.8  92.938336  72.683011  16.979679
 RUN 4 GENERATION 6  80.8  92.938336  67.434181  26.598458
 RUN 4 GENERATION 7  80.8  92.938336  75.681191  23.399124
 RUN 4 GENERATION 8  80.8  92.938336  76.022294  26.942173
 RUN 4 GENERATION 9  80.8  92.938336  80.02261  20.322752
 RUN 4 GENERATION 10  80.8  92.938336  79.612404  22.694013
 RUN 4 GENERATION 11  80.8  92.938336  78.628775  23.49775
 RUN 4 GENERATION 12  80.8  92.938336  79.757842  22.398795
 RUN 4 GENERATION 13  80.8  92.938336  79.092821  22.861885
 RUN 4 GENERATION 14  85.6  93.418336  77.827921  23.02341
 RUN 4 GENERATION 15  85.6  93.418336  80.166571  20.104724
 RUN 4 GENERATION 16  85.6  93.418336  76.581141  25.056724
 RUN 4 GENERATION 17  85.6  93.418336  83.15289  18.148089
 RUN 4 GENERATION 18  88.6  93.849365  72.413763  25.85755
 RUN 4 GENERATION 19  88.6  93.849365  78.972929  17.609562
 RUN 4 GENERATION 20  88.6  93.849365  83.177026  16.285032
 RUN 4 GENERATION 21  88.6  93.849365  80.000003  22.481223
 RUN 4 GENERATION 22  88.6  93.849365  80.080763  17.598341
 RUN 4 GENERATION 23  88.6  93.849365  81.9033  18.806602
 RUN 4 GENERATION 24  88.6  93.849365  78.884746  22.574351
 RUN 4 GENERATION 25  88.6  93.849365  83.479461  17.007576
 RUN 4 GENERATION 26  88.6  93.849365  79.635512  23.812602
 RUN 4 GENERATION 27  88.6  93.849365  78.450124  22.785082
 RUN 4 GENERATION 28  88.6  93.849365  80.236927  18.655277
 RUN 4 GENERATION 29  88.6  93.849365  82.067631  14.723965
 RUN 5 GENERATION 0  -20.0  66.279688  9.106083  26.09136
 RUN 5 GENERATION 1  42.4  88.931732  50.36428  31.092145
 RUN 5 GENERATION 2  42.4  88.931732  69.619391  11.400653
 RUN 5 GENERATION 3  42.4  88.931732  71.064099  9.054346
 RUN 5 GENERATION 4  42.4  88.931732  67.446456  15.358635
 RUN 5 GENERATION 5  42.4  88.931732  71.935755  12.864288
 RUN 5 GENERATION 6  43.6  89.061683  77.017462  16.239451
 RUN 5 GENERATION 7  43.6  89.061683  85.708517  12.23709
 RUN 5 GENERATION 8  44.8  89.166794  84.934291  12.190616
 RUN 5 GENERATION 9  44.8  89.196796  84.591359  12.475998
 RUN 5 GENERATION 10  48.4  89.512124  82.115946  15.296788
 RUN 5 GENERATION 11  48.4  89.512124  80.222697  19.738424
 RUN 5 GENERATION 12  48.4  89.512124  82.864457  16.007698
 RUN 5 GENERATION 13  48.4  89.512124  81.586079  14.998834
 RUN 5 GENERATION 14  48.4  89.512124  80.725958  20.092323
 RUN 5 GENERATION 15  48.4  89.512124  77.115253  22.311118
 RUN 5 GENERATION 16  48.4  89.512124  80.288634  19.1081
 RUN 5 GENERATION 17  48.4  89.512124  78.702716  19.613871
 RUN 5 GENERATION 18  48.4  89.512124  74.805289  25.721438
 RUN 5 GENERATION 19  50.2  89.687281  68.299911  29.395126
 RUN 5 GENERATION 20  50.2  89.687281  72.740093  26.927419
 RUN 5 GENERATION 21  50.2  89.692124  70.194895  28.050278
 RUN 5 GENERATION 22  51.4  89.807281  77.166027  24.781165
 RUN 5 GENERATION 23  79.6  92.513263  72.637365  25.864088
 RUN 5 GENERATION 24  79.6  92.513263  70.974609  26.455183
 RUN 5 GENERATION 25  79.6  92.513263  71.742966  26.331875
 RUN 5 GENERATION 26  79.6  92.513263  69.002074  27.752518
 RUN 5 GENERATION 27  79.6  92.513263  74.79641  22.873515
 RUN 5 GENERATION 28  79.6  92.513263  74.411676  22.147143
 RUN 5 GENERATION 29  79.6  92.513263  67.586329  30.319564
 RUN 6 GENERATION 0  22.0  86.682547  7.86476  24.520688
 RUN 6 GENERATION 1  29.8  87.303246  33.159562  34.754331
 RUN 6 GENERATION 2  35.2  88.1039  49.09932  31.468527
 RUN 6 GENERATION 3  91.0  94.089365  51.165811  32.502501
 RUN 6 GENERATION 4  91.0  94.089365  59.36686  28.921672
 RUN 6 GENERATION 5  91.0  94.089365  54.05931  31.081829
 RUN 6 GENERATION 6  91.0  94.089365  61.615676  25.119166
 RUN 6 GENERATION 7  91.0  94.089365  73.186767  21.969906
 RUN 6 GENERATION 8  91.0  94.089365  79.175382  13.717609
 RUN 6 GENERATION 9  91.0  94.089365  76.572355  20.069192
 RUN 6 GENERATION 10  91.0  94.089365  71.392899  22.918983
 RUN 6 GENERATION 11  91.0  94.089365  66.131869  25.84982
 RUN 6 GENERATION 12  91.0  94.089365  68.749114  25.033171
 RUN 6 GENERATION 13  91.0  94.089365  67.786759  27.170532
 RUN 6 GENERATION 14  91.0  94.089365  73.294229  19.81604
 RUN 6 GENERATION 15  91.0  94.089365  72.854172  21.31599
 RUN 6 GENERATION 16  91.0  94.089365  78.9314  14.954472
 RUN 6 GENERATION 17  91.0  94.089365  73.835999  24.361681
 RUN 6 GENERATION 18  91.0  94.089365  77.417685  17.399839
 RUN 6 GENERATION 19  91.0  94.089365  76.775059  19.847504
 RUN 6 GENERATION 20  91.0  94.089365  77.063012  17.935686
 RUN 6 GENERATION 21  91.0  94.089365  74.657184  19.376628
 RUN 6 GENERATION 22  91.0  94.089365  72.095998  24.899809
 RUN 6 GENERATION 23  91.0  94.089365  73.742537  23.251408
 RUN 6 GENERATION 24  91.0  94.089365  72.803925  25.680075
 RUN 6 GENERATION 25  91.0  94.089365  75.255182  20.99836
 RUN 6 GENERATION 26  91.0  94.089365  76.42604  20.366244
 RUN 6 GENERATION 27  91.0  94.089365  76.265328  19.881579
 RUN 6 GENERATION 28  91.0  94.089365  75.210943  24.565695
 RUN 6 GENERATION 29  91.0  94.089365  72.566036  25.58942
 RUN 7 GENERATION 0  -10.0  75.829516  6.214006  23.093276
 RUN 7 GENERATION 1  7.0  85.352892  52.820402  26.507276
 RUN 7 GENERATION 2  23.2  86.972892  70.259798  11.016009
 RUN 7 GENERATION 3  26.2  87.272892  69.306857  10.012732
 RUN 7 GENERATION 4  26.2  87.272892  71.700083  13.035712
 RUN 7 GENERATION 5  31.0  87.752892  74.764297  15.163594
 RUN 7 GENERATION 6  31.6  87.812892  77.746164  14.363308
 RUN 7 GENERATION 7  32.8  87.932892  78.946331  16.409463
 RUN 7 GENERATION 8  32.8  87.932892  78.922168  14.610752
 RUN 7 GENERATION 9  32.8  87.932892  77.739056  13.041135
 RUN 7 GENERATION 10  32.8  87.932892  81.549565  10.569456
 RUN 7 GENERATION 11  32.8  87.932892  78.800336  15.43942
 RUN 7 GENERATION 12  32.8  87.932892  80.426543  11.484988
 RUN 7 GENERATION 13  32.8  87.932892  79.456608  14.204454
 RUN 7 GENERATION 14  32.8  87.932892  81.411679  10.620333
 RUN 7 GENERATION 15  33.4  87.992892  81.309146  11.011373
 RUN 7 GENERATION 16  33.4  87.992892  80.378172  12.097903
 RUN 7 GENERATION 17  33.4  87.992892  77.99391  16.850359
 RUN 7 GENERATION 18  33.4  87.992892  78.39379  14.279191
 RUN 7 GENERATION 19  33.4  87.992892  80.707915  11.663327
 RUN 7 GENERATION 20  33.4  87.992892  81.011586  13.494826
 RUN 7 GENERATION 21  33.4  87.992892  77.508105  12.786119
 RUN 7 GENERATION 22  33.4  87.992892  80.381136  11.625698
 RUN 7 GENERATION 23  33.4  87.992892  77.587783  14.605181
 RUN 7 GENERATION 24  33.4  87.992892  79.910412  11.536672
 RUN 7 GENERATION 25  33.4  87.992892  79.541835  12.623239
 RUN 7 GENERATION 26  33.4  87.992892  79.14627  12.620327
 RUN 7 GENERATION 27  33.4  87.992892  80.695596  12.037987
 RUN 7 GENERATION 28  33.4  87.992892  79.287169  12.484476
 RUN 7 GENERATION 29  33.4  87.992892  76.510421  15.281518
 RUN 8 GENERATION 0  48.4  89.460103  7.641226  25.518217
 RUN 8 GENERATION 1  55.6  90.583266  44.915945  32.429967
 RUN 8 GENERATION 2  55.6  90.583266  69.92536  8.897834
 RUN 8 GENERATION 3  55.6  90.583266  73.774876  5.006864
 RUN 8 GENERATION 4  55.6  90.583266  71.233261  11.856542
 RUN 8 GENERATION 5  55.6  90.583266  72.551363  11.711318
 RUN 8 GENERATION 6  55.6  90.583266  73.619799  5.081987
 RUN 8 GENERATION 7  55.6  90.583266  74.264675  4.645086
 RUN 8 GENERATION 8  55.6  90.583266  71.030348  13.39331
 RUN 8 GENERATION 9  55.6  90.583266  69.853695  17.603611
 RUN 8 GENERATION 10  55.6  90.583266  72.838892  10.924015
 RUN 8 GENERATION 11  55.6  90.583266  76.956879  11.420867
 RUN 8 GENERATION 12  55.6  90.583266  75.263207  14.022756
 RUN 8 GENERATION 13  55.6  90.583266  73.046027  12.684291
 RUN 8 GENERATION 14  55.6  90.583266  72.066218  18.213173
 RUN 8 GENERATION 15  55.6  90.583266  73.256086  14.658477
 RUN 8 GENERATION 16  55.6  90.583266  76.717535  14.82065
 RUN 8 GENERATION 17  55.6  90.583266  76.219739  11.965166
 RUN 8 GENERATION 18  55.6  90.583266  76.106856  16.65078
 RUN 8 GENERATION 19  55.6  90.583266  78.507541  11.891189
 RUN 8 GENERATION 20  55.6  90.583266  75.533019  8.827403
 RUN 8 GENERATION 21  55.6  90.583266  78.114466  9.706405
 RUN 8 GENERATION 22  55.6  90.583266  73.114777  14.444484
 RUN 8 GENERATION 23  55.6  90.583266  73.491764  12.200844
 RUN 8 GENERATION 24  55.6  90.583266  67.530567  17.292326
 RUN 8 GENERATION 25  55.6  90.583266  66.70156  19.978326
 RUN 8 GENERATION 26  55.6  90.583266  66.784694  16.144708
 RUN 8 GENERATION 27  55.6  90.583266  66.056745  18.637659
 RUN 8 GENERATION 28  91.0  94.089365  69.36698  21.497934
 RUN 8 GENERATION 29  91.0  94.089365  68.564776  24.498605
 RUN 9 GENERATION 0  14.8  85.995203  11.273791  28.308654
 RUN 9 GENERATION 1  20.2  86.612828  57.125722  26.421418
 RUN 9 GENERATION 2  36.4  88.122547  65.729885  17.248352
 RUN 9 GENERATION 3  37.6  88.242547  73.518452  18.101442
 RUN 9 GENERATION 4  39.4  88.550928  71.408712  22.901975
 RUN 9 GENERATION 5  40.6  88.694024  71.927258  24.036712
 RUN 9 GENERATION 6  43.0  88.952892  77.967636  21.779174
 RUN 9 GENERATION 7  46.0  89.28188  74.194588  22.825889
 RUN 9 GENERATION 8  46.0  89.28188  81.722823  19.381067
 RUN 9 GENERATION 9  46.0  89.28188  78.163024  23.827947
 RUN 9 GENERATION 10  46.0  89.28188  76.627498  25.374688
 RUN 9 GENERATION 11  46.0  89.28188  76.847482  24.087143
 RUN 9 GENERATION 12  46.0  89.28188  82.502393  17.4891
 RUN 9 GENERATION 13  46.0  89.28188  77.152894  25.360249
 RUN 9 GENERATION 14  46.0  89.28188  80.755563  19.671537
 RUN 9 GENERATION 15  46.0  89.28188  81.449853  18.298531
 RUN 9 GENERATION 16  46.0  89.28188  75.940396  24.055762
 RUN 9 GENERATION 17  46.0  89.28188  74.463856  27.379066
 RUN 9 GENERATION 18  46.0  89.28188  77.776327  22.546991
 RUN 9 GENERATION 19  46.0  89.28188  74.507178  25.091746
 RUN 9 GENERATION 20  46.0  89.28188  75.895907  21.776753
 RUN 9 GENERATION 21  46.0  89.28188  75.364822  26.162753
 RUN 9 GENERATION 22  46.0  89.28188  73.219164  26.763509
 RUN 9 GENERATION 23  46.0  89.28188  76.933309  22.931656
 RUN 9 GENERATION 24  46.0  89.28188  79.827386  19.615145
 RUN 9 GENERATION 25  46.6  89.33699  74.705025  24.875597
 RUN 9 GENERATION 26  46.6  89.33699  74.672585  25.652559
 RUN 9 GENERATION 27  46.6  89.33699  78.541259  20.416205
 RUN 9 GENERATION 28  46.6  89.33699  75.954661  24.438964
 RUN 9 GENERATION 29  46.6  89.33699  77.171429  24.05622