
 RUN 0 GENERATION 0  13.6  85.12363  -2.300567  10.238676
 RUN 0 GENERATION 1  13.6  85.12363  3.055256  12.658108
 RUN 0 GENERATION 2  13.6  85.12363  9.533118  15.595167
 RUN 0 GENERATION 3  13.6  85.12363  19.761411  16.556596
 RUN 0 GENERATION 4  7.0  85.182547  27.10948  19.099664
 RUN 0 GENERATION 5  7.0  85.182547  29.896888  23.850989
 RUN 0 GENERATION 6  7.0  85.182547  40.347158  21.591375
 RUN 0 GENERATION 7  7.0  85.182547  41.510598  18.76229
 RUN 0 GENERATION 8  7.0  85.182547  45.346931  21.103978
 RUN 0 GENERATION 9  7.0  85.182547  43.761524  23.105676
 RUN 0 GENERATION 10  7.0  85.182547  46.322214  24.433947
 RUN 0 GENERATION 11  7.0  85.182547  43.147653  22.978235
 RUN 0 GENERATION 12  7.0  85.182547  43.422657  22.942238
 RUN 0 GENERATION 13  7.0  85.182547  43.910629  25.934299
 RUN 0 GENERATION 14  7.0  85.182547  47.720509  24.471447
 RUN 0 GENERATION 15  7.0  85.182547  45.731908  21.521863
 RUN 0 GENERATION 16  7.0  85.182547  45.652959  22.749663
 RUN 0 GENERATION 17  7.0  85.182547  43.918698  24.195215
 RUN 0 GENERATION 18  7.0  85.182547  43.639423  23.68379
 RUN 0 GENERATION 19  7.0  85.182547  46.570396  22.319304
 RUN 0 GENERATION 20  7.0  85.182547  46.392479  23.358472
 RUN 0 GENERATION 21  7.0  85.182547  48.126899  23.968525
 RUN 0 GENERATION 22  7.0  85.182547  49.42537  25.959579
 RUN 0 GENERATION 23  7.0  85.182547  46.109836  27.160012
 RUN 0 GENERATION 24  7.0  85.182547  44.473406  23.112482
 RUN 0 GENERATION 25  7.0  85.182547  39.853636  20.940691
 RUN 0 GENERATION 26  7.0  85.182547  39.538855  20.374343
 RUN 0 GENERATION 27  7.0  85.182547  45.02572  22.904554
 RUN 0 GENERATION 28  7.0  85.182547  49.122911  21.85055
 RUN 0 GENERATION 29  7.0  85.182547  46.35259  22.780545
 RUN 1 GENERATION 0  -50.0  39.142067  -2.675326  8.476741
 RUN 1 GENERATION 1  -30.0  57.108356  3.973543  13.719303
 RUN 1 GENERATION 2  -10.0  74.565453  17.885208  16.559925
 RUN 1 GENERATION 3  46.6  88.95289  28.72655  22.938055
 RUN 1 GENERATION 4  46.6  88.95289  29.279689  17.235548
 RUN 1 GENERATION 5  46.6  88.95289  32.150853  19.407123
 RUN 1 GENERATION 6  46.6  88.95289  29.7753  20.472003
 RUN 1 GENERATION 7  46.6  88.95289  32.225759  23.258581
 RUN 1 GENERATION 8  46.6  88.95289  36.218504  25.596947
 RUN 1 GENERATION 9  46.6  88.95289  45.531233  23.659915
 RUN 1 GENERATION 10  50.2  89.805064  49.323619  20.219883
 RUN 1 GENERATION 11  50.2  89.805064  48.078861  24.035286
 RUN 1 GENERATION 12  50.2  89.805064  46.57123  23.952983
 RUN 1 GENERATION 13  50.2  89.805064  47.62919  25.903782
 RUN 1 GENERATION 14  50.2  89.805064  57.821348  22.099932
 RUN 1 GENERATION 15  50.2  89.805064  51.967941  22.74158
 RUN 1 GENERATION 16  50.2  89.805064  50.771147  23.711845
 RUN 1 GENERATION 17  55.6  90.497405  49.632148  23.396557
 RUN 1 GENERATION 18  55.6  90.497405  53.827407  24.555864
 RUN 1 GENERATION 19  57.4  90.525064  56.342285  24.872154
 RUN 1 GENERATION 20  57.4  90.525064  54.521086  24.873759
 RUN 1 GENERATION 21  57.4  90.525064  57.485498  26.235867
 RUN 1 GENERATION 22  57.4  90.525064  50.201649  27.89312
 RUN 1 GENERATION 23  57.4  90.525064  55.333033  24.644064
 RUN 1 GENERATION 24  57.4  90.525064  49.069942  26.593831
 RUN 1 GENERATION 25  57.4  90.525064  49.370707  28.55649
 RUN 1 GENERATION 26  57.4  90.525064  52.914004  25.269993
 RUN 1 GENERATION 27  59.2  90.857405  54.395054  23.115251
 RUN 1 GENERATION 28  59.8  90.917405  52.972397  25.059832
 RUN 1 GENERATION 29  59.8  90.917405  53.879824  26.997849
 RUN 2 GENERATION 0  -60.0  30.486571  -2.868577  6.009615
 RUN 2 GENERATION 1  -60.0  30.486571  2.725642  8.319433
 RUN 2 GENERATION 2  -20.0  66.185869  7.85776  11.244571
 RUN 2 GENERATION 3  -20.0  66.185869  11.059209  12.042497
 RUN 2 GENERATION 4  -20.0  66.185869  14.030186  12.696753
 RUN 2 GENERATION 5  -20.0  66.185869  13.491725  15.985048
 RUN 2 GENERATION 6  -20.0  66.216175  20.399794  17.600874
 RUN 2 GENERATION 7  -20.0  66.216175  27.88417  18.590567
 RUN 2 GENERATION 8  -20.0  66.216175  35.644825  16.764176
 RUN 2 GENERATION 9  7.0  84.944258  37.851411  17.109114
 RUN 2 GENERATION 10  7.0  84.944258  38.042437  18.598002
 RUN 2 GENERATION 11  7.0  84.944258  46.34707  20.95698
 RUN 2 GENERATION 12  7.0  84.944258  49.961972  22.877925
 RUN 2 GENERATION 13  7.0  84.944258  53.433273  21.395528
 RUN 2 GENERATION 14  7.0  84.944258  55.403602  19.736069
 RUN 2 GENERATION 15  7.0  84.944258  54.424173  19.404404
 RUN 2 GENERATION 16  7.0  84.944258  55.61098  19.217264
 RUN 2 GENERATION 17  7.0  84.944258  49.950476  21.688728
 RUN 2 GENERATION 18  7.0  84.944258  50.17099  21.956536
 RUN 2 GENERATION 19  7.0  84.944258  53.366861  20.954667
 RUN 2 GENERATION 20  7.0  84.944258  50.243293  21.666128
 RUN 2 GENERATION 21  7.0  84.944258  49.537494  22.205805
 RUN 2 GENERATION 22  7.0  84.944258  53.944097  20.752268
 RUN 2 GENERATION 23  7.0  84.944258  51.842707  22.922844
 RUN 2 GENERATION 24  7.0  84.944258  47.223153  21.790233
 RUN 2 GENERATION 25  7.0  84.944258  51.780139  20.263064
 RUN 2 GENERATION 26  7.0  84.944258  51.43672  22.062979
 RUN 2 GENERATION 27  7.0  84.944258  51.347143  20.884817
 RUN 2 GENERATION 28  7.0  84.944258  50.900787  21.756869
 RUN 2 GENERATION 29  7.0  84.944258  47.342858  22.634483
 RUN 3 GENERATION 0  -60.0  30.779644  -1.946018  7.788593
 RUN 3 GENERATION 1  -10.0  75.222348  6.91758  15.104648
 RUN 3 GENERATION 2  -10.0  75.222348  9.523277  17.42878
 RUN 3 GENERATION 3  -10.0  75.494668  15.216744  22.496906
 RUN 3 GENERATION 4  2.2  84.43004  12.695191  22.10042
 RUN 3 GENERATION 5  45.4  89.256796  20.599644  23.192499
 RUN 3 GENERATION 6  45.4  89.256796  21.747377  24.537548
 RUN 3 GENERATION 7  45.4  89.256796  26.957096  25.808152
 RUN 3 GENERATION 8  45.4  89.256796  30.153236  28.278051
 RUN 3 GENERATION 9  45.4  89.256796  34.659898  29.424976
 RUN 3 GENERATION 10  45.4  89.256796  23.576366  29.785455
 RUN 3 GENERATION 11  45.4  89.256796  27.414242  29.274273
 RUN 3 GENERATION 12  45.4  89.256796  29.073467  28.762457
 RUN 3 GENERATION 13  45.4  89.256796  31.042725  30.755281
 RUN 3 GENERATION 14  45.4  89.256796  36.323164  29.299446
 RUN 3 GENERATION 15  45.4  89.256796  32.13397  28.148463
 RUN 3 GENERATION 16  45.4  89.256796  41.544786  28.669825
 RUN 3 GENERATION 17  45.4  89.256796  39.755385  29.578536
 RUN 3 GENERATION 18  45.4  89.256796  40.908543  30.909595
 RUN 3 GENERATION 19  45.4  89.256796  37.142098  27.942081
 RUN 3 GENERATION 20  45.4  89.256796  33.436638  28.304041
 RUN 3 GENERATION 21  45.4  89.256796  34.474824  30.688108
 RUN 3 GENERATION 22  45.4  89.256796  38.667616  28.899458
 RUN 3 GENERATION 23  45.4  89.256796  35.084862  29.359061
 RUN 3 GENERATION 24  45.4  89.256796  33.04783  29.840436
 RUN 3 GENERATION 25  45.4  89.256796  39.729084  30.085624
 RUN 3 GENERATION 26  45.4  89.256796  26.507802  27.542499
 RUN 3 GENERATION 27  45.4  89.256796  34.488878  29.631334
 RUN 3 GENERATION 28  45.4  89.256796  38.509101  28.96231
 RUN 3 GENERATION 29  45.4  89.256796  39.494357  28.078076
 RUN 4 GENERATION 0  -60.0  30.450924  -3.146347  5.988013
 RUN 4 GENERATION 1  4.0  84.571054  2.344956  14.175727
 RUN 4 GENERATION 2  8.2  85.195982  15.523819  24.992554
 RUN 4 GENERATION 3  34.6  87.996168  48.954356  26.173914
 RUN 4 GENERATION 4  34.6  87.996168  54.726078  27.96501
 RUN 4 GENERATION 5  34.6  87.996168  54.151002  29.717253
 RUN 4 GENERATION 6  34.6  87.996168  54.00351  26.602068
 RUN 4 GENERATION 7  34.6  87.996168  57.719295  27.768705
 RUN 4 GENERATION 8  34.6  87.996168  59.10297  25.147033
 RUN 4 GENERATION 9  34.6  87.996168  51.587152  27.498323
 RUN 4 GENERATION 10  34.6  87.996168  56.380904  27.953425
 RUN 4 GENERATION 11  34.6  87.996168  61.50202  27.735759
 RUN 4 GENERATION 12  34.6  87.996168  58.518986  30.559488
 RUN 4 GENERATION 13  34.6  87.996168  60.510614  28.742812
 RUN 4 GENERATION 14  34.6  87.996168  59.732745  28.753904
 RUN 4 GENERATION 15  34.6  87.996168  62.800631  28.954766
 RUN 4 GENERATION 16  48.4  89.322547  66.863623  27.606776
 RUN 4 GENERATION 17  48.4  89.322547  58.505548  29.983615
 RUN 4 GENERATION 18  48.4  89.322547  64.022646  29.435495
 RUN 4 GENERATION 19  48.4  89.322547  54.268444  30.889284
 RUN 4 GENERATION 20  48.4  89.322547  59.996764  27.600915
 RUN 4 GENERATION 21  48.4  89.322547  63.849588  28.341982
 RUN 4 GENERATION 22  48.4  89.322547  66.1758  27.831038
 RUN 4 GENERATION 23  48.4  89.322547  58.092623  27.844602
 RUN 4 GENERATION 24  48.4  89.322547  62.234619  31.074528
 RUN 4 GENERATION 25  48.4  89.322547  67.92577  27.305363
 RUN 4 GENERATION 26  48.4  89.322547  70.592232  26.958595
 RUN 4 GENERATION 27  48.4  89.322547  58.023391  31.554816
 RUN 4 GENERATION 28  48.4  89.322547  67.400569  28.108407
 RUN 4 GENERATION 29  50.2  89.556168  68.816711  27.387997
 RUN 5 GENERATION 0  -20.0  66.203942  -2.319127  8.969052
 RUN 5 GENERATION 1  -20.0  66.203942  8.021006  16.952587
 RUN 5 GENERATION 2  -20.0  66.203942  17.657145  15.713836
 RUN 5 GENERATION 3  0.4  84.243942  28.853769  21.98674
 RUN 5 GENERATION 4  0.4  84.243942  41.511395  18.906383
 RUN 5 GENERATION 5  0.4  84.243942  41.882009  18.084877
 RUN 5 GENERATION 6  0.4  84.243942  42.586998  21.342266
 RUN 5 GENERATION 7  0.4  84.243942  49.352474  19.663363
 RUN 5 GENERATION 8  0.4  84.243942  48.643793  19.426069
 RUN 5 GENERATION 9  0.4  84.243942  47.228608  18.92374
 RUN 5 GENERATION 10  0.4  84.243942  52.48132  19.112886
 RUN 5 GENERATION 11  0.4  84.243942  51.511829  20.074927
 RUN 5 GENERATION 12  0.4  84.243942  47.033586  22.399201
 RUN 5 GENERATION 13  0.4  84.243942  50.178864  19.199937
 RUN 5 GENERATION 14  7.0  85.03704  51.518879  20.978791
 RUN 5 GENERATION 15  7.0  85.03704  47.784484  19.30863
 RUN 5 GENERATION 16  7.0  85.03704  53.50568  19.638991
 RUN 5 GENERATION 17  21.4  86.676168  52.422045  22.751642
 RUN 5 GENERATION 18  23.8  86.858539  56.829971  20.31056
 RUN 5 GENERATION 19  23.8  86.858539  64.075376  21.576977
 RUN 5 GENERATION 20  25.6  87.087729  61.207268  27.768394
 RUN 5 GENERATION 21  30.4  87.567729  66.022217  24.882185
 RUN 5 GENERATION 22  30.4  87.567729  68.536423  24.343024
 RUN 5 GENERATION 23  30.4  87.567729  63.711571  24.888947
 RUN 5 GENERATION 24  30.4  87.567729  64.278735  25.94978
 RUN 5 GENERATION 25  30.4  87.567729  62.880787  27.518879
 RUN 5 GENERATION 26  30.4  87.567729  62.998537  29.844058
 RUN 5 GENERATION 27  30.4  87.567729  66.928388  25.68223
 RUN 5 GENERATION 28  30.4  87.567729  66.103767  26.379438
 RUN 5 GENERATION 29  30.4  87.567729  68.96459  23.996734
 RUN 6 GENERATION 0  -20.0  66.139214  -2.20138  9.803275
 RUN 6 GENERATION 1  -10.0  75.168118  8.778613  17.110602
 RUN 6 GENERATION 2  -10.0  75.168118  23.654761  18.082477
 RUN 6 GENERATION 3  -10.0  75.168118  32.451393  16.76084
 RUN 6 GENERATION 4  -10.0  75.191858  36.719477  20.712546
 RUN 6 GENERATION 5  -10.0  75.191858  34.95365  19.67594
 RUN 6 GENERATION 6  3.4  84.511054  37.503698  17.937334
 RUN 6 GENERATION 7  3.4  84.511054  39.499157  19.586972
 RUN 6 GENERATION 8  3.4  84.511054  43.2608  17.682937
 RUN 6 GENERATION 9  3.4  84.511054  48.704118  22.556298
 RUN 6 GENERATION 10  3.4  84.511054  58.176085  20.794276
 RUN 6 GENERATION 11  3.4  84.511054  50.728221  26.356633
 RUN 6 GENERATION 12  3.4  84.511054  55.848605  22.359361
 RUN 6 GENERATION 13  4.6  84.663942  53.898439  23.078055
 RUN 6 GENERATION 14  4.6  84.663942  49.672288  25.81082
 RUN 6 GENERATION 15  4.6  84.663942  55.604093  20.322091
 RUN 6 GENERATION 16  4.6  84.663942  56.833851  22.049315
 RUN 6 GENERATION 17  4.6  84.663942  55.853278  22.776883
 RUN 6 GENERATION 18  4.6  84.663942  56.114799  22.551911
 RUN 6 GENERATION 19  15.4  85.870119  57.016334  24.598782
 RUN 6 GENERATION 20  15.4  85.870119  54.538114  24.678163
 RUN 6 GENERATION 21  15.4  85.923229  55.700251  25.636009
 RUN 6 GENERATION 22  20.2  86.403229  52.482762  24.82017
 RUN 6 GENERATION 23  30.4  87.514547  56.853478  24.653568
 RUN 6 GENERATION 24  31.0  87.578539  50.258573  26.861896
 RUN 6 GENERATION 25  31.0  87.578539  56.063637  27.253855
 RUN 6 GENERATION 26  33.4  87.818539  51.92078  29.424344
 RUN 6 GENERATION 27  35.2  88.056168  56.755577  29.098105
 RUN 6 GENERATION 28  38.2  88.356168  58.018643  32.196625
 RUN 6 GENERATION 29  38.2  88.356168  62.282899  28.43365
 RUN 7 GENERATION 0  -60.0  30.206986  -2.985202  6.562775
 RUN 7 GENERATION 1  -30.0  57.2699  3.517428  13.007278
 RUN 7 GENERATION 2  -30.0  57.2699  17.100206  13.396558
 RUN 7 GENERATION 3  -20.0  66.191858  28.971499  16.662818
 RUN 7 GENERATION 4  -20.0  66.197882  32.500369  13.920217
 RUN 7 GENERATION 5  -20.0  66.197882  34.199174  13.691681
 RUN 7 GENERATION 6  -20.0  66.197882  38.47559  17.096968
 RUN 7 GENERATION 7  -20.0  66.197882  41.58297  16.183099
 RUN 7 GENERATION 8  -20.0  66.200907  49.745754  17.477601
 RUN 7 GENERATION 9  -20.0  66.200907  51.437271  19.333686
 RUN 7 GENERATION 10  -20.0  66.200907  49.558711  19.176242
 RUN 7 GENERATION 11  -20.0  66.200907  50.809369  19.883428
 RUN 7 GENERATION 12  -20.0  66.200907  51.086955  18.068989
 RUN 7 GENERATION 13  -20.0  66.200907  48.494071  18.529667
 RUN 7 GENERATION 14  -10.0  75.191858  45.723162  19.999455
 RUN 7 GENERATION 15  -10.0  75.191858  44.565922  20.901311
 RUN 7 GENERATION 16  -10.0  75.222348  46.922087  16.342648
 RUN 7 GENERATION 17  -10.0  75.222348  43.612322  20.861854
 RUN 7 GENERATION 18  -10.0  75.222348  47.259726  19.261776
 RUN 7 GENERATION 19  -10.0  75.222348  45.290592  18.705009
 RUN 7 GENERATION 20  -10.0  75.222348  48.969737  16.012133
 RUN 7 GENERATION 21  -10.0  75.222348  49.577965  17.771994
 RUN 7 GENERATION 22  -10.0  75.222348  45.932535  18.681138
 RUN 7 GENERATION 23  -10.0  75.222348  43.264523  19.539782
 RUN 7 GENERATION 24  -10.0  75.222348  47.638888  16.336041
 RUN 7 GENERATION 25  -10.0  75.222348  43.904338  19.329361
 RUN 7 GENERATION 26  -10.0  75.222348  43.470454  17.254736
 RUN 7 GENERATION 27  -10.0  75.222348  44.464455  19.530845
 RUN 7 GENERATION 28  4.6  84.631054  42.439651  21.666276
 RUN 7 GENERATION 29  4.6  84.631054  46.003681  20.506678
 RUN 8 GENERATION 0  -50.0  38.998585  -1.835345  8.59299
 RUN 8 GENERATION 1  21.4  86.343942  6.40957  15.899096
 RUN 8 GENERATION 2  24.4  87.092892  16.756261  21.461151
 RUN 8 GENERATION 3  24.4  87.092892  27.796336  20.784485
 RUN 8 GENERATION 4  30.4  87.471655  33.0733  24.33446
 RUN 8 GENERATION 5  30.4  87.471655  42.133657  21.022424
 RUN 8 GENERATION 6  30.4  87.471655  44.01084  23.202175
 RUN 8 GENERATION 7  30.4  87.471655  44.431062  22.131797
 RUN 8 GENERATION 8  30.4  87.471655  46.953136  24.871973
 RUN 8 GENERATION 9  37.0  88.236168  49.265017  26.098484
 RUN 8 GENERATION 10  37.0  88.236168  48.681656  25.495166
 RUN 8 GENERATION 11  45.4  89.192892  54.582491  23.525402
 RUN 8 GENERATION 12  45.4  89.192892  54.727203  26.929803
 RUN 8 GENERATION 13  45.4  89.192892  62.725821  21.625115
 RUN 8 GENERATION 14  70.6  90.257605  56.319185  23.97895
 RUN 8 GENERATION 15  82.6  91.605847  52.997273  28.011901
 RUN 8 GENERATION 16  82.6  91.605847  47.861715  29.163943
 RUN 8 GENERATION 17  82.6  91.605847  52.904708  27.043389
 RUN 8 GENERATION 18  82.6  91.605847  50.895966  28.765224
 RUN 8 GENERATION 19  83.8  91.729721  52.862331  25.28765
 RUN 8 GENERATION 20  83.8  91.729721  52.048349  27.99681
 RUN 8 GENERATION 21  83.8  91.729721  51.40336  26.6697
 RUN 8 GENERATION 22  83.8  91.729721  55.538492  29.356075
 RUN 8 GENERATION 23  83.8  91.729721  56.497822  27.074494
 RUN 8 GENERATION 24  83.8  91.729721  53.894598  28.343447
 RUN 8 GENERATION 25  83.8  91.729721  55.031471  27.070725
 RUN 8 GENERATION 26  83.8  91.729721  52.67471  27.395101
 RUN 8 GENERATION 27  83.2  91.773215  52.023681  26.78349
 RUN 8 GENERATION 28  85.0  91.957528  55.761643  29.010532
 RUN 8 GENERATION 29  85.0  91.957528  50.621343  32.749131
 RUN 9 GENERATION 0  -60.0  30.351026  -3.150808  6.509794
 RUN 9 GENERATION 1  -20.0  66.313025  5.57631  14.15976
 RUN 9 GENERATION 2  -20.0  66.313025  23.11166  10.475384
 RUN 9 GENERATION 3  3.4  84.473532  31.313606  16.447167
 RUN 9 GENERATION 4  3.4  84.473532  40.935768  21.140413
 RUN 9 GENERATION 5  3.4  84.473532  51.267035  23.458978
 RUN 9 GENERATION 6  3.4  84.473532  52.806521  23.140056
 RUN 9 GENERATION 7  3.4  84.543942  54.927879  24.193568
 RUN 9 GENERATION 8  3.4  84.543942  58.691994  20.802974
 RUN 9 GENERATION 9  3.4  84.543942  57.662749  24.383591
 RUN 9 GENERATION 10  3.4  84.543942  53.983085  20.696095
 RUN 9 GENERATION 11  3.4  84.543942  58.276542  22.024633
 RUN 9 GENERATION 12  4.0  84.603942  57.076594  24.696148
 RUN 9 GENERATION 13  4.0  84.603942  57.989206  22.450905
 RUN 9 GENERATION 14  4.0  84.603942  58.121995  22.325882
 RUN 9 GENERATION 15  4.0  84.603942  58.47132  22.018473
 RUN 9 GENERATION 16  4.0  84.603942  58.867743  22.204376
 RUN 9 GENERATION 17  4.0  84.603942  60.047115  23.518039
 RUN 9 GENERATION 18  4.0  84.603942  58.807119  24.153672
 RUN 9 GENERATION 19  4.0  84.603942  61.454868  25.926736
 RUN 9 GENERATION 20  4.0  84.603942  61.956003  23.768742
 RUN 9 GENERATION 21  4.0  84.603942  63.499499  23.08779
 RUN 9 GENERATION 22  4.0  84.603942  64.761546  20.618022
 RUN 9 GENERATION 23  4.0  84.603942  63.690474  22.120042
 RUN 9 GENERATION 24  4.0  84.603942  62.721453  23.920482
 RUN 9 GENERATION 25  4.0  84.603942  59.800774  23.033518
 RUN 9 GENERATION 26  4.0  84.603942  64.221251  21.22727
 RUN 9 GENERATION 27  4.6  84.663942  62.867123  21.934096
 RUN 9 GENERATION 28  4.6  84.663942  58.16336  24.273459
 RUN 9 GENERATION 29  4.6  84.663942  61.475815  23.91108