
 RUN 0 GENERATION 0  -10.0  75.273152  5.409368  23.527038
 RUN 0 GENERATION 1  41.8  88.832892  16.902352  31.660988
 RUN 0 GENERATION 2  41.8  88.832892  23.987092  35.375209
 RUN 0 GENERATION 3  45.4  89.174024  35.989911  36.418043
 RUN 0 GENERATION 4  45.4  89.174024  31.344611  35.855676
 RUN 0 GENERATION 5  45.4  89.174024  38.088851  35.954099
 RUN 0 GENERATION 6  45.4  89.174024  45.652081  33.638955
 RUN 0 GENERATION 7  46.0  89.301683  42.586073  36.307746
 RUN 0 GENERATION 8  46.0  89.301683  44.624755  36.996189
 RUN 0 GENERATION 9  46.0  89.301683  51.559292  31.356452
 RUN 0 GENERATION 10  46.0  89.301683  55.556737  29.394555
 RUN 0 GENERATION 11  46.0  89.301683  51.381617  32.676197
 RUN 0 GENERATION 12  48.4  89.541683  54.059248  31.829027
 RUN 0 GENERATION 13  48.4  89.541683  55.683908  29.863891
 RUN 0 GENERATION 14  50.8  89.718708  60.00957  29.354254
 RUN 0 GENERATION 15  50.8  89.718708  60.668796  27.11861
 RUN 0 GENERATION 16  58.0  90.126677  58.692496  28.277292
 RUN 0 GENERATION 17  58.0  90.126677  60.558963  25.687192
 RUN 0 GENERATION 18  58.0  90.126677  60.402747  25.533225
 RUN 0 GENERATION 19  58.0  90.126677  59.257038  27.26564
 RUN 0 GENERATION 20  58.0  90.126677  57.550286  31.422546
 RUN 0 GENERATION 21  58.0  90.126677  57.046315  33.434239
 RUN 0 GENERATION 22  58.0  90.126677  58.850491  32.662741
 RUN 0 GENERATION 23  58.0  90.126677  56.167102  32.113608
 RUN 0 GENERATION 24  58.0  90.126677  59.664154  31.127277
 RUN 0 GENERATION 25  58.0  90.126677  57.0555  30.25687
 RUN 0 GENERATION 26  58.0  90.126677  63.21723  25.884521
 RUN 0 GENERATION 27  58.0  90.126677  62.918623  30.157919
 RUN 0 GENERATION 28  58.0  90.126677  66.774226  28.649415
 RUN 0 GENERATION 29  58.0  90.126677  59.751556  32.338432
 RUN 1 GENERATION 0  -10.0  75.142067  6.760915  23.381356
 RUN 1 GENERATION 1  43.6  89.051732  14.686602  30.421097
 RUN 1 GENERATION 2  43.6  89.051732  23.883654  33.675443
 RUN 1 GENERATION 3  43.6  89.051732  38.944336  34.106825
 RUN 1 GENERATION 4  43.6  89.051732  41.502561  33.056605
 RUN 1 GENERATION 5  43.6  89.051732  49.107159  29.906221
 RUN 1 GENERATION 6  45.4  89.241683  46.97818  33.217671
 RUN 1 GENERATION 7  91.0  94.180019  55.63062  29.829914
 RUN 1 GENERATION 8  91.0  94.180019  49.840658  33.658408
 RUN 1 GENERATION 9  91.0  94.180019  53.287432  33.507727
 RUN 1 GENERATION 10  91.0  94.180019  51.816589  31.492738
 RUN 1 GENERATION 11  91.0  94.180019  46.626148  35.457659
 RUN 1 GENERATION 12  91.0  94.180019  49.009244  33.692231
 RUN 1 GENERATION 13  91.0  94.180019  49.646313  33.667215
 RUN 1 GENERATION 14  91.0  94.180019  53.026292  32.367307
 RUN 1 GENERATION 15  91.0  94.180019  49.142636  35.118696
 RUN 1 GENERATION 16  91.0  94.180019  51.049913  33.237404
 RUN 1 GENERATION 17  91.0  94.180019  47.740028  35.429884
 RUN 1 GENERATION 18  91.0  94.180019  49.253418  35.122735
 RUN 1 GENERATION 19  91.0  94.180019  50.414381  33.226737
 RUN 1 GENERATION 20  91.0  94.180019  53.03428  33.026731
 RUN 1 GENERATION 21  91.0  94.180019  54.790418  32.912411
 RUN 1 GENERATION 22  91.0  94.180019  55.830435  31.699885
 RUN 1 GENERATION 23  91.0  94.180019  54.193757  33.931334
 RUN 1 GENERATION 24  91.0  94.180019  56.647719  31.681817
 RUN 1 GENERATION 25  91.0  94.180019  58.04055  31.463207
 RUN 1 GENERATION 26  91.0  94.180019  56.282632  31.970931
 RUN 1 GENERATION 27  91.0  94.180019  61.046166  29.587764
 RUN 1 GENERATION 28  91.0  94.180019  61.587636  29.651973
 RUN 1 GENERATION 29  91.0  94.180019  59.301436  29.52059
 RUN 2 GENERATION 0  25.6  87.212892  10.458728  27.748131
 RUN 2 GENERATION 1  25.6  87.212892  26.974862  35.719745
 RUN 2 GENERATION 2  43.6  89.061683  37.125683  36.988862
 RUN 2 GENERATION 3  46.0  89.136168  39.488572  37.248673
 RUN 2 GENERATION 4  46.0  89.136168  44.229201  35.156901
 RUN 2 GENERATION 5  44.8  89.186695  47.59793  34.471669
 RUN 2 GENERATION 6  47.8  89.486695  51.764257  33.654543
 RUN 2 GENERATION 7  54.4  89.677949  49.977029  32.572117
 RUN 2 GENERATION 8  54.4  89.677949  53.280603  31.683247
 RUN 2 GENERATION 9  54.4  89.677949  57.046413  29.875286
 RUN 2 GENERATION 10  54.4  89.677949  60.302351  26.971108
 RUN 2 GENERATION 11  54.4  89.677949  60.644134  27.92987
 RUN 2 GENERATION 12  61.0  90.570571  59.633038  28.382998
 RUN 2 GENERATION 13  61.0  90.570571  61.876069  27.947215
 RUN 2 GENERATION 14  61.0  90.570571  64.938818  24.171976
 RUN 2 GENERATION 15  61.0  90.570571  63.246519  23.531986
 RUN 2 GENERATION 16  61.0  90.570571  62.185263  28.275594
 RUN 2 GENERATION 17  61.0  90.570571  64.393841  27.730548
 RUN 2 GENERATION 18  61.0  90.570571  61.67665  29.141614
 RUN 2 GENERATION 19  61.0  90.570571  58.983754  28.845989
 RUN 2 GENERATION 20  61.0  90.570571  56.435856  32.341244
 RUN 2 GENERATION 21  61.0  90.570571  59.863583  31.698042
 RUN 2 GENERATION 22  61.0  90.570571  58.549521  33.73062
 RUN 2 GENERATION 23  61.0  90.570571  63.394246  28.606925
 RUN 2 GENERATION 24  61.0  90.570571  57.961153  33.578863
 RUN 2 GENERATION 25  61.0  90.570571  63.970093  28.253776
 RUN 2 GENERATION 26  61.0  90.570571  63.460844  30.019447
 RUN 2 GENERATION 27  61.0  90.570571  63.5359  28.842292
 RUN 2 GENERATION 28  61.0  90.570571  58.537808  34.393839
 RUN 2 GENERATION 29  61.0  90.570571  58.814904  32.847612
 RUN 3 GENERATION 0  13.0  85.952892  11.355798  29.482981
 RUN 3 GENERATION 1  41.8  88.832892  19.205057  33.593787
 RUN 3 GENERATION 2  41.8  88.832892  34.341444  36.108002
 RUN 3 GENERATION 3  48.4  89.492892  41.025717  34.306448
 RUN 3 GENERATION 4  48.4  89.492892  43.581592  34.503998
 RUN 3 GENERATION 5  48.4  89.492892  49.596063  31.595305
 RUN 3 GENERATION 6  48.4  89.492892  58.455611  25.146781
 RUN 3 GENERATION 7  50.8  90.103266  56.848661  26.69654
 RUN 3 GENERATION 8  50.8  90.103266  50.748586  30.714864
 RUN 3 GENERATION 9  62.2  90.854024  55.66933  27.152423
 RUN 3 GENERATION 10  62.2  90.854024  55.266647  28.886634
 RUN 3 GENERATION 11  62.2  90.854024  55.715945  28.470352
 RUN 3 GENERATION 12  62.2  90.854024  53.150476  30.901823
 RUN 3 GENERATION 13  62.2  90.854024  60.578491  25.121371
 RUN 3 GENERATION 14  62.2  90.854024  56.538415  28.580898
 RUN 3 GENERATION 15  62.2  90.854024  55.39602  29.996943
 RUN 3 GENERATION 16  62.2  90.854024  61.22454  25.462307
 RUN 3 GENERATION 17  62.2  90.854024  57.59847  26.289937
 RUN 3 GENERATION 18  62.2  90.854024  59.290577  26.86919
 RUN 3 GENERATION 19  62.2  90.854024  57.990337  28.379824
 RUN 3 GENERATION 20  62.2  90.854024  60.658586  24.454736
 RUN 3 GENERATION 21  62.2  90.854024  56.339254  29.28353
 RUN 3 GENERATION 22  63.4  91.041683  61.905996  26.222026
 RUN 3 GENERATION 23  63.4  91.041683  60.163971  26.061438
 RUN 3 GENERATION 24  63.4  91.041683  64.238236  23.932292
 RUN 3 GENERATION 25  63.4  91.041683  60.550871  27.963014
 RUN 3 GENERATION 26  63.4  91.041683  58.965965  28.374645
 RUN 3 GENERATION 27  63.4  91.041683  58.722417  28.459237
 RUN 3 GENERATION 28  63.4  91.041683  61.556003  26.768884
 RUN 3 GENERATION 29  63.4  91.041683  64.113053  24.665939
 RUN 4 GENERATION 0  -10.0  75.296218  11.522077  27.697451
 RUN 4 GENERATION 1  19.0  86.097882  19.087669  32.45261
 RUN 4 GENERATION 2  17.2  86.372892  28.51997  35.862707
 RUN 4 GENERATION 3  25.6  86.893573  34.637633  35.324312
 RUN 4 GENERATION 4  25.6  86.893573  45.718903  33.003903
 RUN 4 GENERATION 5  41.2  88.758708  50.892062  32.720541
 RUN 4 GENERATION 6  41.2  88.758708  49.016536  32.215944
 RUN 4 GENERATION 7  41.2  88.758708  51.884442  32.850347
 RUN 4 GENERATION 8  41.2  88.758708  59.624011  27.060309
 RUN 4 GENERATION 9  79.6  92.818336  60.944558  26.383714
 RUN 4 GENERATION 10  79.6  92.818336  62.900052  24.838001
 RUN 4 GENERATION 11  79.6  92.818336  58.539353  30.041009
 RUN 4 GENERATION 12  79.6  92.818336  65.098916  23.718581
 RUN 4 GENERATION 13  79.6  92.818336  56.420969  31.687112
 RUN 4 GENERATION 14  79.6  92.818336  57.349774  31.31364
 RUN 4 GENERATION 15  79.6  92.818336  63.789065  25.540553
 RUN 4 GENERATION 16  79.6  92.818336  64.151449  25.92723
 RUN 4 GENERATION 17  79.6  92.818336  64.245133  27.199535
 RUN 4 GENERATION 18  79.6  92.818336  64.355503  24.576078
 RUN 4 GENERATION 19  79.6  92.818336  67.584739  22.515362
 RUN 4 GENERATION 20  79.6  92.818336  63.356119  27.728091
 RUN 4 GENERATION 21  79.6  92.818336  64.732964  25.332366
 RUN 4 GENERATION 22  79.6  92.818336  66.905134  22.958427
 RUN 4 GENERATION 23  79.6  92.818336  60.952088  29.016737
 RUN 4 GENERATION 24  79.6  92.818336  67.60489  22.678864
 RUN 4 GENERATION 25  79.6  92.818336  66.413261  24.832507
 RUN 4 GENERATION 26  77.2  92.829651  62.644971  28.65576
 RUN 4 GENERATION 27  77.2  92.829651  63.898365  27.099867
 RUN 4 GENERATION 28  77.2  92.829651  69.604414  19.851837
 RUN 4 GENERATION 29  77.2  92.829651  64.862394  25.055487
 RUN 5 GENERATION 0  40.0  88.652892  7.193482  24.885143
 RUN 5 GENERATION 1  43.6  89.04188  20.871029  34.400814
 RUN 5 GENERATION 2  49.0  89.606695  34.609481  37.088145
 RUN 5 GENERATION 3  49.0  89.606695  47.683587  32.85863
 RUN 5 GENERATION 4  49.0  89.606695  49.604617  33.456785
 RUN 5 GENERATION 5  49.0  89.606695  47.114546  35.772991
 RUN 5 GENERATION 6  49.0  89.606695  51.050012  33.398588
 RUN 5 GENERATION 7  49.0  89.606695  45.816284  34.576903
 RUN 5 GENERATION 8  49.0  89.606695  50.323608  34.421039
 RUN 5 GENERATION 9  49.0  89.606695  44.469625  36.270205
 RUN 5 GENERATION 10  49.0  89.606695  57.146925  30.477294
 RUN 5 GENERATION 11  49.0  89.606695  51.587388  34.426189
 RUN 5 GENERATION 12  46.6  89.676393  47.399825  36.204884
 RUN 5 GENERATION 13  46.6  89.676393  54.346124  32.384839
 RUN 5 GENERATION 14  46.6  89.676393  50.669263  33.292152
 RUN 5 GENERATION 15  46.6  89.676393  62.260121  25.423892
 RUN 5 GENERATION 16  46.6  89.676393  60.682893  24.967992
 RUN 5 GENERATION 17  46.6  89.676393  60.438958  25.686037
 RUN 5 GENERATION 18  46.6  89.676393  58.663702  28.765565
 RUN 5 GENERATION 19  46.6  89.676393  54.163115  32.265827
 RUN 5 GENERATION 20  46.6  89.676393  55.63589  31.26807
 RUN 5 GENERATION 21  46.6  89.676393  57.313004  30.771221
 RUN 5 GENERATION 22  46.6  89.676393  63.092431  25.580825
 RUN 5 GENERATION 23  46.6  89.676393  61.137899  28.003883
 RUN 5 GENERATION 24  46.6  89.676393  60.564333  26.729903
 RUN 5 GENERATION 25  46.6  89.676393  55.274855  31.563457
 RUN 5 GENERATION 26  55.0  90.252976  61.267687  26.843011
 RUN 5 GENERATION 27  55.0  90.252976  53.45877  33.345291
 RUN 5 GENERATION 28  55.0  90.252976  61.462984  26.523731
 RUN 5 GENERATION 29  55.0  90.252976  58.917997  29.291619
 RUN 6 GENERATION 0  24.4  87.032828  4.005591  20.948099
 RUN 6 GENERATION 1  24.4  87.032828  13.967264  29.458084
 RUN 6 GENERATION 2  52.6  89.875505  30.591443  34.70237
 RUN 6 GENERATION 3  52.6  89.875505  51.375164  28.832082
 RUN 6 GENERATION 4  52.6  89.875505  59.176051  24.259934
 RUN 6 GENERATION 5  52.6  89.875505  55.124019  29.661872
 RUN 6 GENERATION 6  52.6  89.875505  57.85846  27.657946
 RUN 6 GENERATION 7  52.6  89.875505  55.594159  30.312995
 RUN 6 GENERATION 8  52.6  89.875505  63.887641  22.544454
 RUN 6 GENERATION 9  52.6  89.875505  60.731759  25.725674
 RUN 6 GENERATION 10  52.6  89.875505  58.641484  27.672344
 RUN 6 GENERATION 11  52.6  89.875505  63.595278  23.708406
 RUN 6 GENERATION 12  50.8  90.103266  59.163491  30.436313
 RUN 6 GENERATION 13  50.8  90.103266  63.75077  23.808535
 RUN 6 GENERATION 14  50.8  90.103266  68.906418  19.802417
 RUN 6 GENERATION 15  50.8  90.103266  60.011165  30.4906
 RUN 6 GENERATION 16  50.8  90.103266  61.685354  25.838343
 RUN 6 GENERATION 17  50.8  90.103266  63.938709  25.611479
 RUN 6 GENERATION 18  50.8  90.103266  60.211084  29.95338
 RUN 6 GENERATION 19  50.8  90.103266  60.925562  29.688559
 RUN 6 GENERATION 20  50.8  90.103266  62.005312  29.294322
 RUN 6 GENERATION 21  50.8  90.103266  65.017052  24.339298
 RUN 6 GENERATION 22  50.8  90.103266  63.724259  26.116233
 RUN 6 GENERATION 23  50.8  90.103266  63.860466  26.50606
 RUN 6 GENERATION 24  50.8  90.103266  63.672775  27.629133
 RUN 6 GENERATION 25  50.8  90.103266  59.384147  30.812861
 RUN 6 GENERATION 26  50.8  90.103266  58.738815  31.525542
 RUN 6 GENERATION 27  50.8  90.103266  60.680441  31.735218
 RUN 6 GENERATION 28  50.8  90.103266  62.434387  27.993515
 RUN 6 GENERATION 29  50.8  90.103266  65.549987  24.973344
 RUN 7 GENERATION 0  39.4  88.528354  3.036355  20.582008
 RUN 7 GENERATION 1  39.4  88.528354  12.555135  28.877239
 RUN 7 GENERATION 2  43.6  89.056695  22.640732  33.257092
 RUN 7 GENERATION 3  43.6  89.056695  32.288896  35.212557
 RUN 7 GENERATION 4  43.6  89.056695  37.734275  34.995075
 RUN 7 GENERATION 5  43.6  89.056695  42.940638  32.642457
 RUN 7 GENERATION 6  43.6  89.056695  46.871126  32.12946
 RUN 7 GENERATION 7  43.6  89.056695  51.99571  29.030344
 RUN 7 GENERATION 8  43.6  89.056695  60.306166  23.271135
 RUN 7 GENERATION 9  43.6  89.056695  60.91409  24.07941
 RUN 7 GENERATION 10  43.6  89.056695  57.585945  26.451026
 RUN 7 GENERATION 11  43.6  89.056695  61.976695  25.680621
 RUN 7 GENERATION 12  43.6  89.056695  61.375702  26.529221
 RUN 7 GENERATION 13  44.8  89.16188  62.493147  27.057667
 RUN 7 GENERATION 14  44.8  89.16188  60.787049  28.917375
 RUN 7 GENERATION 15  44.8  89.16188  63.497655  26.484088
 RUN 7 GENERATION 16  44.8  89.16188  63.88712  27.441033
 RUN 7 GENERATION 17  46.0  89.286794  63.83146  28.233171
 RUN 7 GENERATION 18  47.2  89.372892  64.643959  27.20595
 RUN 7 GENERATION 19  47.2  89.372892  66.125607  26.880057
 RUN 7 GENERATION 20  47.2  89.372892  65.175861  29.137403
 RUN 7 GENERATION 21  47.2  89.372892  73.525827  19.28463
 RUN 7 GENERATION 22  47.2  89.372892  73.495577  16.267697
 RUN 7 GENERATION 23  47.2  89.372892  72.057768  20.151928
 RUN 7 GENERATION 24  48.4  89.541683  69.070664  24.976226
 RUN 7 GENERATION 25  48.4  89.546695  69.205609  24.218602
 RUN 7 GENERATION 26  48.4  89.546695  73.674899  21.503508
 RUN 7 GENERATION 27  48.4  89.546695  72.509635  23.47613
 RUN 7 GENERATION 28  48.4  89.546695  68.841762  24.515036
 RUN 7 GENERATION 29  48.4  89.546695  71.985631  22.442842
 RUN 8 GENERATION 0  29.2  87.572892  5.553069  23.124265
 RUN 8 GENERATION 1  36.4  88.292892  15.643811  30.495816
 RUN 8 GENERATION 2  36.4  88.292892  22.965559  33.446085
 RUN 8 GENERATION 3  36.4  88.292892  33.180904  35.541318
 RUN 8 GENERATION 4  36.4  88.292892  47.402155  31.972246
 RUN 8 GENERATION 5  36.4  88.292892  48.229059  32.90401
 RUN 8 GENERATION 6  43.6  89.04188  52.559629  30.191234
 RUN 8 GENERATION 7  43.6  89.04188  49.631684  32.58592
 RUN 8 GENERATION 8  43.6  89.04188  55.548343  29.884814
 RUN 8 GENERATION 9  43.6  89.04188  54.418828  30.530952
 RUN 8 GENERATION 10  47.8  89.471732  59.271419  28.982844
 RUN 8 GENERATION 11  47.8  89.471732  58.710372  28.902803
 RUN 8 GENERATION 12  47.8  89.471732  61.647437  26.19712
 RUN 8 GENERATION 13  47.8  89.471732  56.887092  31.090924
 RUN 8 GENERATION 14  47.8  89.471732  56.31749  31.305103
 RUN 8 GENERATION 15  47.8  89.471732  57.914538  28.276715
 RUN 8 GENERATION 16  47.8  89.471732  58.332501  28.840703
 RUN 8 GENERATION 17  47.8  89.471732  60.226513  27.822007
 RUN 8 GENERATION 18  47.8  89.471732  65.947178  22.457204
 RUN 8 GENERATION 19  47.8  89.471732  56.85037  30.421094
 RUN 8 GENERATION 20  47.8  89.471732  60.314982  27.800425
 RUN 8 GENERATION 21  50.2  89.668142  59.56479  29.15341
 RUN 8 GENERATION 22  50.2  89.668142  61.944084  29.866343
 RUN 8 GENERATION 23  50.2  89.668142  67.381773  23.126389
 RUN 8 GENERATION 24  50.2  89.668142  63.838971  25.093734
 RUN 8 GENERATION 25  50.2  89.668142  64.057653  25.367208
 RUN 8 GENERATION 26  55.6  90.203414  67.000844  21.430452
 RUN 8 GENERATION 27  55.6  90.203414  63.54157  26.995043
 RUN 8 GENERATION 28  55.6  90.203414  62.273548  29.734324
 RUN 8 GENERATION 29  55.6  90.203414  59.781186  29.500092
 RUN 9 GENERATION 0  11.2  85.647729  6.918903  24.413815
 RUN 9 GENERATION 1  41.8  88.891733  25.19688  33.158137
 RUN 9 GENERATION 2  43.6  89.056695  43.015855  34.334571
 RUN 9 GENERATION 3  43.6  89.056695  49.190195  33.169353
 RUN 9 GENERATION 4  43.6  89.056695  50.5126  31.941445
 RUN 9 GENERATION 5  43.6  89.056695  54.027374  29.695956
 RUN 9 GENERATION 6  43.6  89.056695  59.166962  26.32283
 RUN 9 GENERATION 7  67.0  91.348142  62.919503  23.855784
 RUN 9 GENERATION 8  67.0  91.348142  59.54206  26.106494
 RUN 9 GENERATION 9  67.0  91.348142  60.206716  27.249081
 RUN 9 GENERATION 10  67.0  91.348142  58.156877  28.286107
 RUN 9 GENERATION 11  67.0  91.348142  53.764886  30.571413
 RUN 9 GENERATION 12  67.0  91.348142  51.19992  33.852348
 RUN 9 GENERATION 13  67.0  91.348142  55.733207  31.538518
 RUN 9 GENERATION 14  67.0  91.348142  59.2546  28.175534
 RUN 9 GENERATION 15  67.0  91.348142  58.430115  30.670483
 RUN 9 GENERATION 16  67.0  91.348142  59.977663  26.576905
 RUN 9 GENERATION 17  67.0  91.348142  58.070755  30.568652
 RUN 9 GENERATION 18  67.0  91.348142  56.373908  31.997697
 RUN 9 GENERATION 19  67.0  91.348142  63.87048  24.747568
 RUN 9 GENERATION 20  67.0  91.348142  58.574719  30.158897
 RUN 9 GENERATION 21  67.0  91.348142  59.468428  28.419953
 RUN 9 GENERATION 22  67.0  91.348142  60.10961  28.820543
 RUN 9 GENERATION 23  67.0  91.348142  63.821135  25.513761
 RUN 9 GENERATION 24  67.0  91.348142  60.51729  29.487373
 RUN 9 GENERATION 25  67.0  91.348142  57.430952  30.527939
 RUN 9 GENERATION 26  67.0  91.348142  53.404133  33.51622
 RUN 9 GENERATION 27  67.0  91.348142  56.707208  29.889788
 RUN 9 GENERATION 28  67.0  91.348142  59.328882  31.065979
 RUN 9 GENERATION 29  67.0  91.348142  53.54845  35.657342