
 RUN 0 GENERATION 0  -70.0  21.696695  -3.654255  4.942944
 RUN 0 GENERATION 1  -20.0  66.470571  6.057488  12.070991
 RUN 0 GENERATION 2  10.0  85.171054  17.400694  14.532388
 RUN 0 GENERATION 3  20.8  86.327427  15.94705  18.900576
 RUN 0 GENERATION 4  20.8  86.327427  15.695937  25.237518
 RUN 0 GENERATION 5  62.8  90.932892  40.098271  29.708144
 RUN 0 GENERATION 6  62.8  90.932892  49.834505  26.330187
 RUN 0 GENERATION 7  62.8  90.932892  46.83778  28.204363
 RUN 0 GENERATION 8  62.8  90.932892  49.695417  27.042286
 RUN 0 GENERATION 9  62.8  90.932892  49.15594  26.702045
 RUN 0 GENERATION 10  62.8  90.932892  49.663038  25.785982
 RUN 0 GENERATION 11  62.8  90.932892  46.317612  25.734493
 RUN 0 GENERATION 12  62.8  90.932892  46.980934  24.380119
 RUN 0 GENERATION 13  62.8  90.932892  47.147757  28.218657
 RUN 0 GENERATION 14  62.8  90.932892  46.009549  26.551793
 RUN 0 GENERATION 15  62.8  90.932892  50.703048  26.139362
 RUN 0 GENERATION 16  62.8  90.932892  43.962742  27.970678
 RUN 0 GENERATION 17  62.8  90.932892  46.913742  28.478446
 RUN 0 GENERATION 18  62.8  90.932892  55.233385  25.086888
 RUN 0 GENERATION 19  62.8  90.932892  50.16172  27.083282
 RUN 0 GENERATION 20  62.8  90.932892  50.490125  26.861309
 RUN 0 GENERATION 21  62.8  90.932892  52.899971  25.472303
 RUN 0 GENERATION 22  62.8  90.932892  55.197151  24.210379
 RUN 0 GENERATION 23  62.8  90.932892  50.60477  27.977175
 RUN 0 GENERATION 24  62.8  90.932892  56.439249  24.700602
 RUN 0 GENERATION 25  62.8  90.932892  52.71894  29.997256
 RUN 0 GENERATION 26  62.8  90.932892  55.03075  24.633289
 RUN 0 GENERATION 27  62.8  90.932892  53.479121  27.680674
 RUN 0 GENERATION 28  62.8  90.932892  56.839824  25.990623
 RUN 0 GENERATION 29  62.8  90.932892  52.270352  27.445995
 RUN 1 GENERATION 0  -30.0  57.474547  -1.964975  9.191664
 RUN 1 GENERATION 1  -30.0  57.474547  7.797201  14.32054
 RUN 1 GENERATION 2  -20.0  66.182889  13.650589  14.708726
 RUN 1 GENERATION 3  7.0  84.903942  18.802986  17.283297
 RUN 1 GENERATION 4  7.0  84.903942  14.871935  23.185635
 RUN 1 GENERATION 5  7.0  84.903942  22.056952  26.642857
 RUN 1 GENERATION 6  7.0  84.903942  23.463972  25.450697
 RUN 1 GENERATION 7  8.2  85.412828  20.716391  25.564571
 RUN 1 GENERATION 8  8.2  85.412828  25.420287  26.362509
 RUN 1 GENERATION 9  8.2  85.412828  39.397904  22.365855
 RUN 1 GENERATION 10  8.2  85.412828  39.407364  23.273865
 RUN 1 GENERATION 11  8.2  85.412828  36.255532  24.270713
 RUN 1 GENERATION 12  8.2  85.412828  39.74517  23.787375
 RUN 1 GENERATION 13  8.2  85.412828  39.409195  25.270847
 RUN 1 GENERATION 14  8.2  85.412828  39.309196  25.097786
 RUN 1 GENERATION 15  20.2  86.556168  41.362179  23.748731
 RUN 1 GENERATION 16  20.2  86.556168  39.545856  22.890307
 RUN 1 GENERATION 17  20.2  86.556168  39.608313  23.561674
 RUN 1 GENERATION 18  20.2  86.556168  40.79672  25.375477
 RUN 1 GENERATION 19  20.2  86.556168  42.213892  25.592431
 RUN 1 GENERATION 20  20.2  86.556168  44.547786  26.320037
 RUN 1 GENERATION 21  20.2  86.556168  44.044301  25.761041
 RUN 1 GENERATION 22  20.2  86.556168  46.85549  28.114475
 RUN 1 GENERATION 23  20.2  86.556168  44.945036  25.132727
 RUN 1 GENERATION 24  20.2  86.556168  44.723177  24.122759
 RUN 1 GENERATION 25  20.2  86.556168  40.187785  26.686556
 RUN 1 GENERATION 26  20.2  86.556168  45.848885  25.098981
 RUN 1 GENERATION 27  20.2  86.556168  45.817873  26.786254
 RUN 1 GENERATION 28  20.2  86.556168  44.460776  26.465085
 RUN 1 GENERATION 29  20.2  86.556168  41.766027  24.2979
 RUN 2 GENERATION 0  -50.0  39.706695  -2.12476  8.562159
 RUN 2 GENERATION 1  -40.0  48.390528  4.215019  13.970682
 RUN 2 GENERATION 2  -30.0  56.473505  8.94066  13.212393
 RUN 2 GENERATION 3  -30.0  57.570654  7.191552  13.573394
 RUN 2 GENERATION 4  2.2  83.78065  10.46075  14.52298
 RUN 2 GENERATION 5  2.2  83.78065  13.172027  16.894275
 RUN 2 GENERATION 6  2.2  83.78065  12.867235  19.717255
 RUN 2 GENERATION 7  21.4  85.738083  20.179473  21.694941
 RUN 2 GENERATION 8  21.4  85.738083  29.592161  21.514489
 RUN 2 GENERATION 9  29.8  86.799983  26.013085  20.167252
 RUN 2 GENERATION 10  29.8  86.799983  30.344913  19.795578
 RUN 2 GENERATION 11  29.8  86.799983  31.20035  23.233291
 RUN 2 GENERATION 12  31.0  86.919983  33.913066  21.420051
 RUN 2 GENERATION 13  31.0  86.919983  36.256808  22.93294
 RUN 2 GENERATION 14  31.0  86.919983  36.022595  22.071458
 RUN 2 GENERATION 15  31.0  86.919983  40.060695  21.622133
 RUN 2 GENERATION 16  31.0  86.919983  36.814793  22.619601
 RUN 2 GENERATION 17  31.6  87.642547  39.817936  21.791457
 RUN 2 GENERATION 18  31.6  87.642547  36.649447  20.546919
 RUN 2 GENERATION 19  31.6  87.642547  37.971437  21.435524
 RUN 2 GENERATION 20  31.6  87.642547  39.290175  22.564616
 RUN 2 GENERATION 21  43.0  88.836168  44.31666  23.171374
 RUN 2 GENERATION 22  58.6  90.452828  42.312271  26.778149
 RUN 2 GENERATION 23  58.6  90.452828  47.561324  25.944267
 RUN 2 GENERATION 24  58.6  90.452828  47.693178  25.094578
 RUN 2 GENERATION 25  58.6  90.452828  48.925478  25.662981
 RUN 2 GENERATION 26  58.6  90.452828  51.085151  25.384366
 RUN 2 GENERATION 27  58.6  90.452828  54.507965  27.135635
 RUN 2 GENERATION 28  58.6  90.452828  50.9341  26.044236
 RUN 2 GENERATION 29  58.6  90.452828  47.987166  28.184356
 RUN 3 GENERATION 0  -70.0  21.90625  -2.981206  6.669752
 RUN 3 GENERATION 1  -50.0  39.222348  5.433752  10.919001
 RUN 3 GENERATION 2  -30.0  57.150675  16.452538  10.885346
 RUN 3 GENERATION 3  -30.0  57.150675  22.064751  5.326527
 RUN 3 GENERATION 4  -10.0  75.570654  23.360903  8.54482
 RUN 3 GENERATION 5  -10.0  75.570654  26.402224  13.340427
 RUN 3 GENERATION 6  -10.0  75.570654  33.398027  20.270895
 RUN 3 GENERATION 7  -10.0  75.570654  39.842375  18.899732
 RUN 3 GENERATION 8  -10.0  75.570654  40.436815  20.697466
 RUN 3 GENERATION 9  -10.0  75.570654  42.403374  21.865859
 RUN 3 GENERATION 10  -10.0  75.570654  35.366551  21.39721
 RUN 3 GENERATION 11  -10.0  75.570654  39.831642  21.349438
 RUN 3 GENERATION 12  -10.0  75.570654  36.345409  22.98262
 RUN 3 GENERATION 13  -10.0  75.570654  37.344701  20.794738
 RUN 3 GENERATION 14  -10.0  75.570654  42.582092  22.544246
 RUN 3 GENERATION 15  -10.0  75.570654  42.517617  23.545754
 RUN 3 GENERATION 16  -10.0  75.570654  39.685036  20.574183
 RUN 3 GENERATION 17  -10.0  75.570654  40.030254  21.313796
 RUN 3 GENERATION 18  -10.0  75.570654  38.505737  22.190251
 RUN 3 GENERATION 19  -10.0  75.570654  43.951165  21.181758
 RUN 3 GENERATION 20  -10.0  75.570654  36.710887  23.627918
 RUN 3 GENERATION 21  -10.0  75.570654  41.793149  22.165331
 RUN 3 GENERATION 22  -10.0  75.5839  39.845383  22.300566
 RUN 3 GENERATION 23  -10.0  75.5839  39.409709  21.828598
 RUN 3 GENERATION 24  -10.0  75.5839  39.521664  19.986168
 RUN 3 GENERATION 25  -10.0  75.5839  37.817084  23.069121
 RUN 3 GENERATION 26  -10.0  75.5839  41.0805  23.559584
 RUN 3 GENERATION 27  -10.0  75.5839  38.896185  22.590626
 RUN 3 GENERATION 28  -10.0  75.5839  42.559987  21.608613
 RUN 3 GENERATION 29  -10.0  75.5839  41.495625  22.152522
 RUN 4 GENERATION 0  -50.0  38.631813  -2.062521  8.340724
 RUN 4 GENERATION 1  -40.0  47.851532  6.934274  11.519267
 RUN 4 GENERATION 2  -40.0  47.851532  16.363601  10.889057
 RUN 4 GENERATION 3  -40.0  47.851532  17.089616  11.298486
 RUN 4 GENERATION 4  -40.0  47.851532  16.022801  11.566855
 RUN 4 GENERATION 5  -20.0  65.826214  15.536281  12.57079
 RUN 4 GENERATION 6  -20.0  65.826214  10.4956  11.855282
 RUN 4 GENERATION 7  -20.0  65.826214  9.844512  12.226096
 RUN 4 GENERATION 8  -20.0  65.826214  11.568886  12.194746
 RUN 4 GENERATION 9  -20.0  65.826214  13.522044  12.099091
 RUN 4 GENERATION 10  -20.0  66.108356  16.403661  14.800858
 RUN 4 GENERATION 11  -20.0  66.108356  24.05517  18.47634
 RUN 4 GENERATION 12  -20.0  66.185869  29.201256  20.798175
 RUN 4 GENERATION 13  -10.0  75.041575  34.782262  21.544767
 RUN 4 GENERATION 14  -10.0  75.041575  36.03092  25.089984
 RUN 4 GENERATION 15  -10.0  75.041575  33.652283  23.793852
 RUN 4 GENERATION 16  -10.0  75.041575  35.688563  23.941231
 RUN 4 GENERATION 17  -10.0  75.041575  37.774366  23.999438
 RUN 4 GENERATION 18  -10.0  75.041575  37.830509  23.571581
 RUN 4 GENERATION 19  -10.0  75.041575  38.759334  23.688528
 RUN 4 GENERATION 20  -10.0  75.041575  34.901852  24.826753
 RUN 4 GENERATION 21  -10.0  75.041575  39.2249  23.919271
 RUN 4 GENERATION 22  -10.0  75.041575  41.525726  23.763645
 RUN 4 GENERATION 23  -10.0  75.041575  33.112017  23.927691
 RUN 4 GENERATION 24  -10.0  75.041575  42.343522  23.555595
 RUN 4 GENERATION 25  -10.0  75.041575  34.81591  24.024319
 RUN 4 GENERATION 26  -10.0  75.041575  39.416238  21.526555
 RUN 4 GENERATION 27  -10.0  75.041575  38.536694  23.944105
 RUN 4 GENERATION 28  -10.0  75.133532  37.723949  23.241261
 RUN 4 GENERATION 29  -10.0  75.133532  38.970557  23.199746
 RUN 5 GENERATION 0  -40.0  47.559053  -2.630997  7.108346
 RUN 5 GENERATION 1  -40.0  48.179917  3.951171  11.290525
 RUN 5 GENERATION 2  -10.0  75.490612  14.870514  18.176352
 RUN 5 GENERATION 3  16.0  85.889573  29.334146  24.65214
 RUN 5 GENERATION 4  17.2  86.006267  33.883802  26.93504
 RUN 5 GENERATION 5  26.8  87.111655  40.940711  24.488595
 RUN 5 GENERATION 6  26.8  87.111655  49.098305  23.190754
 RUN 5 GENERATION 7  38.2  88.35194  45.448508  29.09634
 RUN 5 GENERATION 8  42.4  88.892892  44.068635  25.603128
 RUN 5 GENERATION 9  42.4  88.892892  46.273548  29.022778
 RUN 5 GENERATION 10  42.4  88.892892  47.850902  27.554797
 RUN 5 GENERATION 11  42.4  88.892892  46.987997  26.545836
 RUN 5 GENERATION 12  42.4  88.892892  43.040476  24.91257
 RUN 5 GENERATION 13  42.4  88.892892  49.800362  21.960339
 RUN 5 GENERATION 14  42.4  88.892892  48.376639  24.934551
 RUN 5 GENERATION 15  42.4  88.892892  53.702667  25.091587
 RUN 5 GENERATION 16  42.4  88.892892  54.170199  23.389803
 RUN 5 GENERATION 17  42.4  88.892892  49.39621  24.282139
 RUN 5 GENERATION 18  42.4  88.892892  53.069316  26.435035
 RUN 5 GENERATION 19  42.4  88.892892  50.685752  26.558514
 RUN 5 GENERATION 20  42.4  88.892892  54.853083  25.406773
 RUN 5 GENERATION 21  42.4  88.892892  52.018313  27.263927
 RUN 5 GENERATION 22  57.4  90.598336  58.078859  27.299829
 RUN 5 GENERATION 23  57.4  90.598336  56.73773  27.084801
 RUN 5 GENERATION 24  63.4  91.198336  51.488228  26.569554
 RUN 5 GENERATION 25  63.4  91.198336  54.176571  26.894292
 RUN 5 GENERATION 26  63.4  91.198336  51.925347  29.258056
 RUN 5 GENERATION 27  63.4  91.198336  56.07324  26.550351
 RUN 5 GENERATION 28  63.4  91.198336  53.843596  25.681582
 RUN 5 GENERATION 29  63.4  91.198336  53.235715  29.015078
 RUN 6 GENERATION 0  -70.0  19.923346  -2.676236  5.196581
 RUN 6 GENERATION 1  -60.0  29.53075  3.60237  8.811946
 RUN 6 GENERATION 2  -30.0  57.458736  13.600321  12.392882
 RUN 6 GENERATION 3  -10.0  75.615505  14.860454  16.046609
 RUN 6 GENERATION 4  -10.0  75.615505  16.449864  17.025537
 RUN 6 GENERATION 5  20.2  86.612828  22.201038  23.287775
 RUN 6 GENERATION 6  30.4  87.419599  28.813466  24.529567
 RUN 6 GENERATION 7  30.4  87.419599  31.308894  25.280951
 RUN 6 GENERATION 8  30.4  87.419599  33.182122  27.113362
 RUN 6 GENERATION 9  30.4  87.419599  32.979911  25.11791
 RUN 6 GENERATION 10  30.4  87.419599  35.17888  24.007473
 RUN 6 GENERATION 11  30.4  87.419599  39.426166  24.630874
 RUN 6 GENERATION 12  31.6  87.696168  39.573993  29.355153
 RUN 6 GENERATION 13  33.4  87.719599  34.687805  29.357051
 RUN 6 GENERATION 14  47.8  89.372828  45.399086  30.647422
 RUN 6 GENERATION 15  53.8  90.032892  43.478733  32.828
 RUN 6 GENERATION 16  59.2  90.631733  44.457983  30.73407
 RUN 6 GENERATION 17  59.2  90.631733  42.455289  30.960316
 RUN 6 GENERATION 18  59.2  90.631733  46.007486  30.169778
 RUN 6 GENERATION 19  59.2  90.631733  45.641553  29.099386
 RUN 6 GENERATION 20  59.2  90.631733  48.303351  33.162824
 RUN 6 GENERATION 21  59.2  90.631733  50.042273  31.713655
 RUN 6 GENERATION 22  59.2  90.631733  43.893429  32.080589
 RUN 6 GENERATION 23  63.4  91.198336  48.385154  31.983321
 RUN 6 GENERATION 24  63.4  91.198336  50.506615  30.699711
 RUN 6 GENERATION 25  65.2  91.378336  37.695129  30.378947
 RUN 6 GENERATION 26  65.2  91.378336  50.564549  28.198542
 RUN 6 GENERATION 27  65.2  91.378336  45.478933  31.230679
 RUN 6 GENERATION 28  65.2  91.378336  44.3418  28.830424
 RUN 6 GENERATION 29  65.2  91.378336  44.758282  34.401572
 RUN 7 GENERATION 0  -80.0  12.43548  -3.928169  3.505034
 RUN 7 GENERATION 1  -50.0  39.279688  3.278017  8.773153
 RUN 7 GENERATION 2  -50.0  39.643414  7.0135  13.523659
 RUN 7 GENERATION 3  -50.0  39.643414  13.191464  13.558778
 RUN 7 GENERATION 4  -30.0  57.347511  26.492095  11.680501
 RUN 7 GENERATION 5  -30.0  57.474547  23.80312  15.032604
 RUN 7 GENERATION 6  -30.0  57.494668  26.669136  15.33302
 RUN 7 GENERATION 7  -10.0  75.179917  32.293065  15.416281
 RUN 7 GENERATION 8  -10.0  75.213103  34.941549  22.640771
 RUN 7 GENERATION 9  -10.0  75.266659  42.584675  21.11455
 RUN 7 GENERATION 10  -10.0  75.266659  43.584563  20.610679
 RUN 7 GENERATION 11  -10.0  75.266659  46.979627  19.404574
 RUN 7 GENERATION 12  -10.0  75.266659  40.014001  20.003108
 RUN 7 GENERATION 13  -10.0  75.266659  42.973969  19.788002
 RUN 7 GENERATION 14  -10.0  75.266659  42.321606  22.087534
 RUN 7 GENERATION 15  -10.0  75.266659  40.975476  23.482248
 RUN 7 GENERATION 16  -10.0  75.266659  41.898793  20.962345
 RUN 7 GENERATION 17  -10.0  75.266659  40.181391  20.537496
 RUN 7 GENERATION 18  -10.0  75.266659  41.423763  22.259285
 RUN 7 GENERATION 19  -10.0  75.266659  42.862551  19.130668
 RUN 7 GENERATION 20  -10.0  75.266659  39.665596  21.641654
 RUN 7 GENERATION 21  -10.0  75.266659  40.10002  20.802156
 RUN 7 GENERATION 22  -10.0  75.266659  38.954824  22.00505
 RUN 7 GENERATION 23  -10.0  75.266659  40.092435  21.300931
 RUN 7 GENERATION 24  -10.0  75.266659  42.417441  23.474939
 RUN 7 GENERATION 25  -10.0  75.266659  41.188949  21.819956
 RUN 7 GENERATION 26  -10.0  75.266659  38.129044  22.658831
 RUN 7 GENERATION 27  -10.0  75.266659  39.37155  20.865335
 RUN 7 GENERATION 28  -10.0  75.266659  42.945123  20.021581
 RUN 7 GENERATION 29  -10.0  75.266659  40.017262  22.337818
 RUN 8 GENERATION 0  -50.0  38.855814  -3.228821  6.968911
 RUN 8 GENERATION 1  -50.0  38.855814  1.486101  7.43349
 RUN 8 GENERATION 2  -30.0  56.815851  5.875908  12.005478
 RUN 8 GENERATION 3  -30.0  56.815851  7.835556  12.782368
 RUN 8 GENERATION 4  -30.0  56.815851  11.937205  14.224024
 RUN 8 GENERATION 5  -30.0  56.815851  13.376831  13.804194
 RUN 8 GENERATION 6  -10.0  74.501718  18.988113  15.79867
 RUN 8 GENERATION 7  -10.0  74.501718  19.189709  18.039363
 RUN 8 GENERATION 8  41.2  88.024175  27.614354  24.160832
 RUN 8 GENERATION 9  41.2  88.024175  33.922593  25.416478
 RUN 8 GENERATION 10  41.2  88.024175  37.843002  27.459417
 RUN 8 GENERATION 11  41.2  88.024175  34.632359  28.777007
 RUN 8 GENERATION 12  41.2  88.024175  38.229145  24.127546
 RUN 8 GENERATION 13  41.2  88.024175  37.221531  23.80815
 RUN 8 GENERATION 14  41.2  88.024175  39.289879  25.922727
 RUN 8 GENERATION 15  41.2  88.024175  35.095385  26.649215
 RUN 8 GENERATION 16  41.2  88.024175  38.658647  26.639379
 RUN 8 GENERATION 17  47.8  88.773647  40.823683  26.58985
 RUN 8 GENERATION 18  47.8  88.773647  34.663414  24.389327
 RUN 8 GENERATION 19  47.8  88.773647  41.218791  23.126147
 RUN 8 GENERATION 20  47.8  88.773647  39.586531  22.539943
 RUN 8 GENERATION 21  47.8  88.773647  41.68959  24.727548
 RUN 8 GENERATION 22  47.8  88.773647  38.747173  26.835491
 RUN 8 GENERATION 23  47.8  88.773647  36.423379  25.653115
 RUN 8 GENERATION 24  47.8  88.773647  38.299179  24.893194
 RUN 8 GENERATION 25  52.6  89.354638  40.841058  25.564168
 RUN 8 GENERATION 26  52.6  89.354638  35.761728  25.860613
 RUN 8 GENERATION 27  52.6  89.354638  42.180904  22.900649
 RUN 8 GENERATION 28  52.6  89.354638  40.219848  27.252322
 RUN 8 GENERATION 29  52.6  89.354638  38.177856  26.238742
 RUN 9 GENERATION 0  -30.0  57.553263  -1.774818  10.418919
 RUN 9 GENERATION 1  -20.0  66.657666  8.024463  14.676797
 RUN 9 GENERATION 2  4.0  84.882547  18.178871  19.9493
 RUN 9 GENERATION 3  13.6  85.896168  26.657252  25.641384
 RUN 9 GENERATION 4  63.4  91.192506  42.806858  24.818742
 RUN 9 GENERATION 5  63.4  91.192506  53.60583  24.499918
 RUN 9 GENERATION 6  63.4  91.192506  54.535433  26.809901
 RUN 9 GENERATION 7  63.4  91.192506  52.028366  25.580441
 RUN 9 GENERATION 8  63.4  91.192506  51.73296  27.737606
 RUN 9 GENERATION 9  63.4  91.192506  48.485296  27.623031
 RUN 9 GENERATION 10  63.4  91.192506  49.325895  25.597183
 RUN 9 GENERATION 11  63.4  91.192506  55.233566  23.471513
 RUN 9 GENERATION 12  63.4  91.192506  50.330668  27.564398
 RUN 9 GENERATION 13  63.4  91.192506  52.349233  27.591733
 RUN 9 GENERATION 14  63.4  91.192506  53.451399  25.238312
 RUN 9 GENERATION 15  63.4  91.192506  58.996593  25.53498
 RUN 9 GENERATION 16  63.4  91.192506  54.315897  27.93253
 RUN 9 GENERATION 17  63.4  91.192506  54.303105  23.663172
 RUN 9 GENERATION 18  63.4  91.192506  52.248835  25.352406
 RUN 9 GENERATION 19  63.4  91.192506  51.861439  26.201493
 RUN 9 GENERATION 20  63.4  91.192506  57.717184  26.836848
 RUN 9 GENERATION 21  63.4  91.192506  55.833802  26.201426
 RUN 9 GENERATION 22  63.4  91.192506  50.869124  26.477667
 RUN 9 GENERATION 23  63.4  91.192506  57.373173  25.399957
 RUN 9 GENERATION 24  63.4  91.192506  51.057691  27.276107
 RUN 9 GENERATION 25  63.4  91.192506  53.89213  27.465349
 RUN 9 GENERATION 26  63.4  91.192506  55.911686  23.149248
 RUN 9 GENERATION 27  63.4  91.192506  58.753692  25.181535
 RUN 9 GENERATION 28  63.4  91.192506  63.067417  25.665189
 RUN 9 GENERATION 29  63.4  91.192506  60.99531  27.312395