
 RUN 0 GENERATION 0  12.4  85.892892  7.149774  25.232132
 RUN 0 GENERATION 1  37.6  88.083246  21.224528  34.361372
 RUN 0 GENERATION 2  37.6  88.083246  27.091813  35.239429
 RUN 0 GENERATION 3  37.6  88.083246  30.133522  36.711175
 RUN 0 GENERATION 4  91.0  94.089365  35.264442  36.708047
 RUN 0 GENERATION 5  91.0  94.089365  34.881077  38.12787
 RUN 0 GENERATION 6  91.0  94.089365  32.204712  38.438603
 RUN 0 GENERATION 7  91.0  94.089365  40.882182  38.543577
 RUN 0 GENERATION 8  91.0  94.089365  42.883875  36.305943
 RUN 0 GENERATION 9  91.0  94.089365  43.03284  36.015725
 RUN 0 GENERATION 10  91.0  94.089365  50.20414  33.286157
 RUN 0 GENERATION 11  91.0  94.089365  56.202094  29.715438
 RUN 0 GENERATION 12  91.0  94.089365  52.78075  32.223217
 RUN 0 GENERATION 13  91.0  94.089365  51.292938  33.030759
 RUN 0 GENERATION 14  91.0  94.089365  45.930091  35.17102
 RUN 0 GENERATION 15  91.0  94.089365  49.798892  35.363203
 RUN 0 GENERATION 16  91.0  94.089365  45.188667  36.249652
 RUN 0 GENERATION 17  91.0  94.089365  47.834309  34.947095
 RUN 0 GENERATION 18  91.0  94.089365  48.114442  34.303566
 RUN 0 GENERATION 19  91.0  94.089365  43.484664  37.615331
 RUN 0 GENERATION 20  91.0  94.089365  53.024529  33.872152
 RUN 0 GENERATION 21  91.0  94.089365  49.621343  34.530585
 RUN 0 GENERATION 22  91.0  94.089365  46.156338  37.064059
 RUN 0 GENERATION 23  91.0  94.089365  45.494734  36.119029
 RUN 0 GENERATION 24  91.0  94.089365  44.974322  36.731031
 RUN 0 GENERATION 25  91.0  94.089365  45.465029  36.804561
 RUN 0 GENERATION 26  91.0  94.089365  46.872934  35.530496
 RUN 0 GENERATION 27  91.0  94.089365  48.88069  35.056164
 RUN 0 GENERATION 28  91.0  94.089365  47.352551  36.720176
 RUN 0 GENERATION 29  91.0  94.089365  46.78387  36.676961
 RUN 1 GENERATION 0  -10.0  75.466611  8.166672  24.7576
 RUN 1 GENERATION 1  41.8  88.886695  22.541637  32.914807
 RUN 1 GENERATION 2  41.8  88.886695  33.554459  36.163928
 RUN 1 GENERATION 3  41.8  88.886695  38.665365  34.771873
 RUN 1 GENERATION 4  41.8  88.886695  39.847057  36.350759
 RUN 1 GENERATION 5  41.8  88.886695  41.178957  34.950242
 RUN 1 GENERATION 6  41.8  88.886695  39.70574  37.211917
 RUN 1 GENERATION 7  41.8  88.886695  32.309812  37.586155
 RUN 1 GENERATION 8  45.4  89.282505  40.591223  36.857568
 RUN 1 GENERATION 9  45.4  89.282505  39.546434  37.527664
 RUN 1 GENERATION 10  45.4  89.282505  42.432865  35.525229
 RUN 1 GENERATION 11  91.0  94.180019  36.480214  36.828343
 RUN 1 GENERATION 12  91.0  94.180019  40.270335  35.817428
 RUN 1 GENERATION 13  91.0  94.180019  41.693817  36.67632
 RUN 1 GENERATION 14  91.0  94.180019  46.432787  35.46662
 RUN 1 GENERATION 15  91.0  94.180019  51.000453  33.515255
 RUN 1 GENERATION 16  91.0  94.180019  45.483402  35.761385
 RUN 1 GENERATION 17  91.0  94.180019  43.888241  35.612459
 RUN 1 GENERATION 18  91.0  94.180019  47.490211  33.928956
 RUN 1 GENERATION 19  91.0  94.180019  49.648449  33.489791
 RUN 1 GENERATION 20  91.0  94.180019  49.547238  32.524747
 RUN 1 GENERATION 21  91.0  94.180019  46.900041  35.692462
 RUN 1 GENERATION 22  91.0  94.180019  48.833914  34.493551
 RUN 1 GENERATION 23  91.0  94.180019  45.508244  35.878483
 RUN 1 GENERATION 24  91.0  94.180019  45.708289  36.352874
 RUN 1 GENERATION 25  91.0  94.180019  43.473557  36.686961
 RUN 1 GENERATION 26  91.0  94.180019  55.260008  30.94786
 RUN 1 GENERATION 27  91.0  94.180019  55.736131  31.392445
 RUN 1 GENERATION 28  91.0  94.180019  49.504024  33.644861
 RUN 1 GENERATION 29  91.0  94.180019  52.964841  32.661128
 RUN 2 GENERATION 0  4.0  85.052892  5.457695  23.224877
 RUN 2 GENERATION 1  28.0  87.09289  13.935938  30.375665
 RUN 2 GENERATION 2  28.0  87.09289  22.721219  33.630351
 RUN 2 GENERATION 3  27.4  87.392892  36.613984  34.93596
 RUN 2 GENERATION 4  40.0  88.579465  38.226194  34.476682
 RUN 2 GENERATION 5  40.0  88.579465  34.392336  36.185636
 RUN 2 GENERATION 6  41.8  88.881683  38.242449  34.961346
 RUN 2 GENERATION 7  41.8  88.881683  41.91091  34.470397
 RUN 2 GENERATION 8  41.8  88.881683  36.684446  35.696203
 RUN 2 GENERATION 9  41.8  88.881683  39.468958  36.244034
 RUN 2 GENERATION 10  41.8  88.881683  39.06003  35.809572
 RUN 2 GENERATION 11  44.8  89.181683  37.651858  38.121634
 RUN 2 GENERATION 12  44.8  89.181683  34.160077  37.623435
 RUN 2 GENERATION 13  44.8  89.181683  41.102077  36.346309
 RUN 2 GENERATION 14  91.0  94.089365  42.30967  36.765194
 RUN 2 GENERATION 15  91.0  94.089365  43.249571  35.240766
 RUN 2 GENERATION 16  91.0  94.089365  42.07246  36.158055
 RUN 2 GENERATION 17  91.0  94.089365  39.7558  37.166509
 RUN 2 GENERATION 18  91.0  94.089365  45.380777  35.12894
 RUN 2 GENERATION 19  91.0  94.089365  47.427666  34.14592
 RUN 2 GENERATION 20  91.0  94.089365  53.478371  32.095604
 RUN 2 GENERATION 21  91.0  94.089365  57.105321  30.259199
 RUN 2 GENERATION 22  91.0  94.180019  56.485946  32.457583
 RUN 2 GENERATION 23  91.0  94.180019  59.272676  27.412834
 RUN 2 GENERATION 24  91.0  94.180019  57.354511  28.673636
 RUN 2 GENERATION 25  91.0  94.180019  61.441473  26.917694
 RUN 2 GENERATION 26  91.0  94.180019  59.538846  31.600953
 RUN 2 GENERATION 27  91.0  94.180019  58.077141  30.518239
 RUN 2 GENERATION 28  91.0  94.180019  64.597893  24.308555
 RUN 2 GENERATION 29  91.0  94.180019  59.590612  29.45002
 RUN 3 GENERATION 0  32.8  87.872828  11.027414  28.347404
 RUN 3 GENERATION 1  32.8  87.872828  21.213887  32.604511
 RUN 3 GENERATION 2  32.8  87.872828  28.655779  34.63373
 RUN 3 GENERATION 3  32.8  87.872828  40.567508  35.226936
 RUN 3 GENERATION 4  43.6  89.04188  42.602766  34.795779
 RUN 3 GENERATION 5  49.6  89.210607  59.617471  27.01638
 RUN 3 GENERATION 6  49.6  89.210607  56.162419  29.102079
 RUN 3 GENERATION 7  49.6  89.210607  55.1343  32.696343
 RUN 3 GENERATION 8  49.6  89.210607  56.821661  32.252653
 RUN 3 GENERATION 9  49.6  89.210607  56.932502  34.127744
 RUN 3 GENERATION 10  49.0  89.548142  55.444463  32.158684
 RUN 3 GENERATION 11  49.0  89.601683  61.501728  29.56835
 RUN 3 GENERATION 12  49.0  89.601683  60.657237  28.711315
 RUN 3 GENERATION 13  55.0  90.196695  63.491165  30.515452
 RUN 3 GENERATION 14  55.0  90.196695  62.751183  26.374393
 RUN 3 GENERATION 15  61.6  90.856695  60.969216  31.350249
 RUN 3 GENERATION 16  61.6  90.856695  69.37007  27.355344
 RUN 3 GENERATION 17  61.6  90.856695  68.689265  26.317551
 RUN 3 GENERATION 18  61.6  90.856695  69.888533  25.994283
 RUN 3 GENERATION 19  61.6  90.856695  70.467968  27.124947
 RUN 3 GENERATION 20  61.6  90.856695  74.85008  20.840946
 RUN 3 GENERATION 21  66.4  91.346695  75.773521  20.135224
 RUN 3 GENERATION 22  66.4  91.346695  79.73524  16.252886
 RUN 3 GENERATION 23  66.4  91.346695  76.116801  22.918719
 RUN 3 GENERATION 24  66.4  91.346695  74.682631  24.354443
 RUN 3 GENERATION 25  73.0  92.001683  80.621836  15.194658
 RUN 3 GENERATION 26  73.6  92.051732  80.661324  17.93339
 RUN 3 GENERATION 27  73.6  92.051732  81.984385  14.386108
 RUN 3 GENERATION 28  76.0  92.28188  80.517181  13.622981
 RUN 3 GENERATION 29  76.0  92.28188  76.265967  20.819156
 RUN 4 GENERATION 0  1.0  84.657582  4.905049  23.252268
 RUN 4 GENERATION 1  1.0  84.657582  16.343718  31.560567
 RUN 4 GENERATION 2  6.4  85.2239  26.518407  35.721957
 RUN 4 GENERATION 3  22.6  86.912892  34.159908  36.494629
 RUN 4 GENERATION 4  28.0  87.452892  53.647871  32.555816
 RUN 4 GENERATION 5  28.0  87.452892  64.383838  23.085615
 RUN 4 GENERATION 6  28.0  87.452892  63.277618  24.75221
 RUN 4 GENERATION 7  28.0  87.452892  67.871696  20.176859
 RUN 4 GENERATION 8  28.0  87.452892  73.34821  8.330845
 RUN 4 GENERATION 9  28.0  87.452892  67.798328  20.715413
 RUN 4 GENERATION 10  34.6  88.176796  69.693032  19.110295
 RUN 4 GENERATION 11  34.6  88.176796  70.165646  19.320645
 RUN 4 GENERATION 12  34.6  88.176796  66.181393  24.095627
 RUN 4 GENERATION 13  34.6  88.176796  68.661007  20.729626
 RUN 4 GENERATION 14  34.6  88.176796  66.030847  25.196215
 RUN 4 GENERATION 15  34.6  88.176796  67.580258  21.608349
 RUN 4 GENERATION 16  34.6  88.176796  65.232848  24.59297
 RUN 4 GENERATION 17  34.6  88.176796  71.661165  17.388845
 RUN 4 GENERATION 18  34.6  88.176796  64.74125  23.613529
 RUN 4 GENERATION 19  34.6  88.176796  67.056653  23.968202
 RUN 4 GENERATION 20  34.6  88.176796  69.561923  20.461254
 RUN 4 GENERATION 21  34.6  88.176796  68.223766  22.483659
 RUN 4 GENERATION 22  91.0  94.089365  66.271998  24.307069
 RUN 4 GENERATION 23  91.0  94.089365  67.470959  23.958703
 RUN 4 GENERATION 24  91.0  94.089365  69.829473  18.20583
 RUN 4 GENERATION 25  91.0  94.089365  68.341002  22.036629
 RUN 4 GENERATION 26  91.0  94.089365  64.250418  26.264096
 RUN 4 GENERATION 27  91.0  94.089365  68.158128  21.972709
 RUN 4 GENERATION 28  91.0  94.089365  65.676085  25.626665
 RUN 4 GENERATION 29  91.0  94.089365  66.412703  23.901544
 RUN 5 GENERATION 0  -10.0  75.29289  6.02385  23.811093
 RUN 5 GENERATION 1  1.0  84.752892  22.308931  33.936547
 RUN 5 GENERATION 2  9.4  85.510654  44.737369  32.130655
 RUN 5 GENERATION 3  9.4  85.510654  57.078593  26.267011
 RUN 5 GENERATION 4  9.4  85.510654  62.414873  22.74999
 RUN 5 GENERATION 5  9.4  85.510654  66.560202  18.984081
 RUN 5 GENERATION 6  17.2  86.436796  66.172593  22.449032
 RUN 5 GENERATION 7  17.2  86.436796  69.86696  17.997489
 RUN 5 GENERATION 8  23.2  86.972892  71.559407  14.98691
 RUN 5 GENERATION 9  23.2  86.972892  71.402801  15.584556
 RUN 5 GENERATION 10  23.2  86.972892  71.733968  12.923011
 RUN 5 GENERATION 11  23.2  86.972892  72.201428  15.376365
 RUN 5 GENERATION 12  23.2  86.972892  71.830914  15.552374
 RUN 5 GENERATION 13  23.2  86.972892  75.295421  6.690179
 RUN 5 GENERATION 14  23.2  86.972892  75.000674  8.153951
 RUN 5 GENERATION 15  23.2  86.972892  73.45584  10.905904
 RUN 5 GENERATION 16  24.4  87.092892  74.269716  9.250512
 RUN 5 GENERATION 17  24.4  87.092892  73.298232  7.630125
 RUN 5 GENERATION 18  26.2  87.272892  67.435761  23.429662
 RUN 5 GENERATION 19  26.2  87.272892  64.028761  23.820468
 RUN 5 GENERATION 20  26.2  87.272892  64.72615  25.285188
 RUN 5 GENERATION 21  31.0  87.752892  65.191508  24.991882
 RUN 5 GENERATION 22  31.0  87.752892  64.695746  26.0029
 RUN 5 GENERATION 23  31.0  87.752892  64.125933  24.740838
 RUN 5 GENERATION 24  31.0  87.752892  63.071124  26.094472
 RUN 5 GENERATION 25  31.0  87.752892  62.759354  26.814597
 RUN 5 GENERATION 26  44.8  89.166794  60.570723  28.809312
 RUN 5 GENERATION 27  44.8  89.166794  59.723304  28.642036
 RUN 5 GENERATION 28  44.8  89.166794  63.142153  26.190786
 RUN 5 GENERATION 29  44.8  89.166794  66.010228  24.188295
 RUN 6 GENERATION 0  83.8  93.238336  6.690518  25.270968
 RUN 6 GENERATION 1  83.8  93.238336  17.488334  32.504107
 RUN 6 GENERATION 2  83.8  93.238336  28.049349  35.597083
 RUN 6 GENERATION 3  83.8  93.238336  40.865802  35.163368
 RUN 6 GENERATION 4  83.8  93.238336  54.212972  30.832583
 RUN 6 GENERATION 5  83.8  93.238336  54.378445  31.003709
 RUN 6 GENERATION 6  83.8  93.238336  59.92997  27.822559
 RUN 6 GENERATION 7  83.8  93.238336  59.268124  27.162603
 RUN 6 GENERATION 8  83.8  93.238336  59.629188  26.309105
 RUN 6 GENERATION 9  83.8  93.238336  60.30511  26.809099
 RUN 6 GENERATION 10  83.8  93.238336  60.585323  25.944359
 RUN 6 GENERATION 11  83.8  93.238336  59.68909  27.601877
 RUN 6 GENERATION 12  83.8  93.238336  62.191635  27.640545
 RUN 6 GENERATION 13  83.8  93.238336  56.139366  30.688186
 RUN 6 GENERATION 14  83.8  93.238336  58.984764  27.959731
 RUN 6 GENERATION 15  83.8  93.238336  61.353213  25.591295
 RUN 6 GENERATION 16  83.8  93.238336  61.144134  27.320341
 RUN 6 GENERATION 17  83.8  93.238336  56.082725  32.151134
 RUN 6 GENERATION 18  83.8  93.238336  61.287351  27.11598
 RUN 6 GENERATION 19  83.8  93.238336  62.469215  26.076312
 RUN 6 GENERATION 20  83.8  93.238336  63.59542  25.225285
 RUN 6 GENERATION 21  83.8  93.238336  63.637122  26.618343
 RUN 6 GENERATION 22  83.8  93.238336  65.07057  23.401658
 RUN 6 GENERATION 23  83.8  93.238336  67.519935  19.861447
 RUN 6 GENERATION 24  83.8  93.238336  65.717993  24.263732
 RUN 6 GENERATION 25  83.8  93.238336  69.103848  17.35892
 RUN 6 GENERATION 26  83.8  93.238336  68.13662  20.351906
 RUN 6 GENERATION 27  83.8  93.238336  70.235169  17.788457
 RUN 6 GENERATION 28  83.8  93.238336  69.872409  17.858045
 RUN 6 GENERATION 29  83.8  93.238336  74.160359  10.642376
 RUN 7 GENERATION 0  -10.0  75.263428  8.598202  26.353715
 RUN 7 GENERATION 1  43.6  89.04188  27.058431  34.810407
 RUN 7 GENERATION 2  43.6  89.04188  44.742142  32.752593
 RUN 7 GENERATION 3  43.6  89.051732  56.699597  26.872605
 RUN 7 GENERATION 4  43.6  89.051732  59.941655  24.980602
 RUN 7 GENERATION 5  47.8  89.476695  59.773516  27.543678
 RUN 7 GENERATION 6  47.8  89.476695  61.713004  26.429312
 RUN 7 GENERATION 7  47.8  89.476695  63.260266  24.097883
 RUN 7 GENERATION 8  47.8  89.476695  63.826122  21.511474
 RUN 7 GENERATION 9  47.8  89.476695  63.554389  22.679058
 RUN 7 GENERATION 10  47.8  89.476695  66.417707  21.826722
 RUN 7 GENERATION 11  47.8  89.476695  59.643894  27.134672
 RUN 7 GENERATION 12  48.4  89.492892  64.95968  22.544849
 RUN 7 GENERATION 13  49.6  89.594024  57.704088  29.133297
 RUN 7 GENERATION 14  50.8  90.103266  65.814055  25.501513
 RUN 7 GENERATION 15  50.8  90.103266  63.63224  29.127998
 RUN 7 GENERATION 16  50.8  90.103266  62.981006  29.067458
 RUN 7 GENERATION 17  50.8  90.103266  56.541449  31.102099
 RUN 7 GENERATION 18  50.8  90.103266  52.254364  34.825427
 RUN 7 GENERATION 19  50.8  90.103266  62.57549  27.387105
 RUN 7 GENERATION 20  50.8  90.103266  60.44203  30.195748
 RUN 7 GENERATION 21  50.8  90.103266  56.024388  31.526619
 RUN 7 GENERATION 22  50.8  90.103266  63.272023  26.28455
 RUN 7 GENERATION 23  50.8  90.103266  59.566471  28.558802
 RUN 7 GENERATION 24  50.8  90.103266  60.295561  27.97112
 RUN 7 GENERATION 25  50.8  90.103266  58.896993  27.8742
 RUN 7 GENERATION 26  50.8  90.103266  58.533807  29.713255
 RUN 7 GENERATION 27  60.4  90.688142  55.291587  31.544213
 RUN 7 GENERATION 28  60.4  90.688142  56.423668  30.422533
 RUN 7 GENERATION 29  60.4  90.688142  54.273556  32.390018
 RUN 8 GENERATION 0  -10.0  75.299556  6.130895  22.38494
 RUN 8 GENERATION 1  -10.0  75.652892  13.820277  29.564458
 RUN 8 GENERATION 2  -10.0  75.652892  27.626766  34.064823
 RUN 8 GENERATION 3  31.6  87.812892  47.546967  32.764564
 RUN 8 GENERATION 4  31.6  87.812892  56.173085  28.57025
 RUN 8 GENERATION 5  31.6  87.812892  59.597734  26.792596
 RUN 8 GENERATION 6  31.6  87.812892  63.611409  23.614562
 RUN 8 GENERATION 7  31.6  87.812892  68.546646  18.34257
 RUN 8 GENERATION 8  31.6  87.812892  65.401862  24.075107
 RUN 8 GENERATION 9  35.2  88.236796  66.974122  20.937557
 RUN 8 GENERATION 10  35.2  88.236796  64.920783  23.639376
 RUN 8 GENERATION 11  35.2  88.236796  60.746956  28.031877
 RUN 8 GENERATION 12  36.4  88.292892  57.927635  29.400667
 RUN 8 GENERATION 13  36.4  88.292892  52.069858  33.257077
 RUN 8 GENERATION 14  36.4  88.292892  55.361625  31.610179
 RUN 8 GENERATION 15  36.4  88.292892  56.941809  30.374066
 RUN 8 GENERATION 16  36.4  88.292892  59.91396  28.931775
 RUN 8 GENERATION 17  36.4  88.292892  67.865825  18.886487
 RUN 8 GENERATION 18  36.4  88.292892  65.921147  22.640847
 RUN 8 GENERATION 19  38.2  88.536796  61.817556  26.774981
 RUN 8 GENERATION 20  38.2  88.536796  62.904334  26.435959
 RUN 8 GENERATION 21  38.2  88.536796  67.013197  22.199135
 RUN 8 GENERATION 22  38.2  88.536796  61.844869  24.596342
 RUN 8 GENERATION 23  38.2  88.536796  66.628221  21.824695
 RUN 8 GENERATION 24  38.2  88.536796  58.526896  30.341747
 RUN 8 GENERATION 25  79.6  92.818336  64.116385  26.104202
 RUN 8 GENERATION 26  79.6  92.818336  64.768994  26.626662
 RUN 8 GENERATION 27  79.6  92.818336  64.713589  25.297247
 RUN 8 GENERATION 28  82.0  93.189365  62.806635  28.637554
 RUN 8 GENERATION 29  82.0  93.189365  63.190306  29.400359
 RUN 9 GENERATION 0  27.4  86.968559  7.68366  25.570865
 RUN 9 GENERATION 1  27.4  86.968559  14.774025  30.420858
 RUN 9 GENERATION 2  41.8  88.881683  27.475986  35.384566
 RUN 9 GENERATION 3  41.8  88.881683  30.740899  35.312639
 RUN 9 GENERATION 4  43.6  89.061683  53.160701  31.662448
 RUN 9 GENERATION 5  43.6  89.061683  64.546254  25.785359
 RUN 9 GENERATION 6  43.6  89.061683  70.982783  17.190937
 RUN 9 GENERATION 7  43.6  89.061683  63.430237  29.569144
 RUN 9 GENERATION 8  43.6  89.061683  66.528555  24.525217
 RUN 9 GENERATION 9  43.6  89.066695  71.214693  20.707526
 RUN 9 GENERATION 10  43.6  89.066695  72.309716  17.96094
 RUN 9 GENERATION 11  46.0  89.243414  71.201919  18.309642
 RUN 9 GENERATION 12  46.0  89.243414  73.538572  16.224987
 RUN 9 GENERATION 13  46.0  89.243414  67.298702  24.922346
 RUN 9 GENERATION 14  46.0  89.243414  71.702649  25.405253
 RUN 9 GENERATION 15  46.0  89.243414  68.265188  25.025761
 RUN 9 GENERATION 16  46.0  89.243414  64.90498  29.085015
 RUN 9 GENERATION 17  46.0  89.243414  67.92352  28.223425
 RUN 9 GENERATION 18  47.2  89.426695  70.20838  25.452319
 RUN 9 GENERATION 19  49.0  89.606695  74.338555  21.355802
 RUN 9 GENERATION 20  49.6  89.661683  68.858642  26.580222
 RUN 9 GENERATION 21  49.6  89.661683  71.207225  24.611417
 RUN 9 GENERATION 22  49.6  89.661683  67.58934  28.10075
 RUN 9 GENERATION 23  49.6  89.661683  64.171189  32.142305
 RUN 9 GENERATION 24  49.6  89.661683  66.1341  31.335913
 RUN 9 GENERATION 25  49.6  89.661683  67.98904  28.764247
 RUN 9 GENERATION 26  49.6  89.661683  62.00793  30.077758
 RUN 9 GENERATION 27  49.6  89.661683  65.669871  29.630743
 RUN 9 GENERATION 28  49.6  89.661683  60.269102  32.817171
 RUN 9 GENERATION 29  49.6  89.661683  58.907479  32.443384