
 RUN 0 GENERATION 0  -10.0  75.013548  -2.576398  11.547528
 RUN 0 GENERATION 1  -10.0  75.013548  10.76986  20.720228
 RUN 0 GENERATION 2  -10.0  75.013548  35.805226  13.948645
 RUN 0 GENERATION 3  -10.0  75.013548  42.075785  14.753951
 RUN 0 GENERATION 4  -10.0  75.013548  47.095413  11.516851
 RUN 0 GENERATION 5  60.0  90.102846  49.276231  13.9826
 RUN 0 GENERATION 6  60.0  90.102846  51.228574  14.629631
 RUN 0 GENERATION 7  60.0  90.102846  55.720708  14.036758
 RUN 0 GENERATION 8  60.0  90.102846  57.000643  20.523469
 RUN 0 GENERATION 9  60.0  90.102846  60.566896  16.711121
 RUN 0 GENERATION 10  60.0  90.102846  57.503215  20.771322
 RUN 0 GENERATION 11  60.0  90.102846  62.129903  18.142429
 RUN 0 GENERATION 12  60.0  90.102846  60.218427  18.429817
 RUN 0 GENERATION 13  80.0  91.938543  62.376975  18.378243
 RUN 0 GENERATION 14  80.0  91.938543  59.392916  20.312812
 RUN 0 GENERATION 15  80.0  91.938543  63.257837  20.248834
 RUN 0 GENERATION 16  80.0  91.938543  59.416739  19.583733
 RUN 0 GENERATION 17  80.0  91.938543  60.333015  19.095209
 RUN 0 GENERATION 18  80.0  91.938543  58.726068  19.354284
 RUN 0 GENERATION 19  80.0  91.938543  61.692846  16.832259
 RUN 0 GENERATION 20  80.0  91.938543  60.556087  20.565648
 RUN 0 GENERATION 21  80.0  91.938543  61.168154  15.928407
 RUN 0 GENERATION 22  80.0  91.938543  62.005152  18.641872
 RUN 0 GENERATION 23  80.0  91.938543  59.215919  23.602662
 RUN 0 GENERATION 24  80.0  91.938543  61.530907  18.505531
 RUN 0 GENERATION 25  80.0  91.938543  62.88846  17.873026
 RUN 0 GENERATION 26  80.0  91.938543  65.308823  18.18074
 RUN 0 GENERATION 27  80.0  91.938543  66.582827  16.933473
 RUN 0 GENERATION 28  80.0  91.938543  60.805004  23.923301
 RUN 0 GENERATION 29  80.0  91.938543  63.331127  19.003268
 RUN 1 GENERATION 0  -50.0  39.179917  -2.724343  9.943652
 RUN 1 GENERATION 1  -40.0  48.601837  7.517137  19.578469
 RUN 1 GENERATION 2  -30.0  57.2699  30.778429  18.609593
 RUN 1 GENERATION 3  -10.0  75.013548  35.178291  16.655011
 RUN 1 GENERATION 4  -10.0  75.013548  34.630593  20.413412
 RUN 1 GENERATION 5  100.0  94.785064  34.997717  22.042016
 RUN 1 GENERATION 6  100.0  94.785064  42.111426  20.841451
 RUN 1 GENERATION 7  100.0  94.785064  31.640783  30.457842
 RUN 1 GENERATION 8  100.0  94.918596  56.633693  25.752691
 RUN 1 GENERATION 9  100.0  94.918596  48.992346  27.314973
 RUN 1 GENERATION 10  100.0  94.918596  54.009126  26.457046
 RUN 1 GENERATION 11  100.0  94.918596  55.027779  26.572945
 RUN 1 GENERATION 12  100.0  94.918596  53.977729  26.308283
 RUN 1 GENERATION 13  100.0  94.918596  55.819118  27.310981
 RUN 1 GENERATION 14  100.0  94.918596  53.164773  25.430827
 RUN 1 GENERATION 15  100.0  94.918596  52.678354  28.654307
 RUN 1 GENERATION 16  100.0  94.918596  50.679027  22.399701
 RUN 1 GENERATION 17  100.0  94.918596  51.095297  26.330096
 RUN 1 GENERATION 18  100.0  94.918596  53.519286  22.543074
 RUN 1 GENERATION 19  100.0  94.918596  52.614093  23.786048
 RUN 1 GENERATION 20  100.0  94.918596  60.23306  24.140975
 RUN 1 GENERATION 21  100.0  94.918596  50.251401  28.334182
 RUN 1 GENERATION 22  100.0  94.918596  50.132377  29.033312
 RUN 1 GENERATION 23  100.0  94.918596  54.409723  26.341893
 RUN 1 GENERATION 24  100.0  94.918596  55.964879  26.489366
 RUN 1 GENERATION 25  100.0  94.918596  57.014291  26.319631
 RUN 1 GENERATION 26  100.0  94.918596  60.486356  25.10994
 RUN 1 GENERATION 27  100.0  94.918596  59.136143  29.289181
 RUN 1 GENERATION 28  100.0  94.918596  53.284076  28.009651
 RUN 1 GENERATION 29  100.0  94.918596  55.182241  25.602969
 RUN 2 GENERATION 0  -50.0  39.013548  -1.290061  11.996296
 RUN 2 GENERATION 1  -30.0  57.197882  20.078714  19.708347
 RUN 2 GENERATION 2  -30.0  57.197882  33.925308  13.154223
 RUN 2 GENERATION 3  -30.0  57.197882  37.877291  10.85411
 RUN 2 GENERATION 4  -30.0  57.21004  39.851944  7.905327
 RUN 2 GENERATION 5  100.0  94.785064  43.287072  11.942893
 RUN 2 GENERATION 6  100.0  94.785064  40.36105  14.373742
 RUN 2 GENERATION 7  100.0  94.918596  45.123804  17.415446
 RUN 2 GENERATION 8  100.0  94.918596  47.299908  20.443587
 RUN 2 GENERATION 9  100.0  94.918596  49.435845  21.810541
 RUN 2 GENERATION 10  100.0  94.918596  47.475863  25.068553
 RUN 2 GENERATION 11  100.0  94.918596  49.796982  21.215182
 RUN 2 GENERATION 12  100.0  94.918596  46.043931  25.041843
 RUN 2 GENERATION 13  100.0  94.918596  53.228599  20.608958
 RUN 2 GENERATION 14  100.0  94.918596  51.499105  23.823424
 RUN 2 GENERATION 15  100.0  94.918596  56.22684  26.315792
 RUN 2 GENERATION 16  100.0  94.918596  54.677071  23.193524
 RUN 2 GENERATION 17  100.0  94.918596  51.525205  24.72583
 RUN 2 GENERATION 18  100.0  94.918596  53.400021  23.400065
 RUN 2 GENERATION 19  100.0  94.918596  54.495395  24.156818
 RUN 2 GENERATION 20  100.0  94.918596  55.900534  22.248488
 RUN 2 GENERATION 21  100.0  94.918596  49.974803  22.618031
 RUN 2 GENERATION 22  100.0  94.918596  51.572203  23.421426
 RUN 2 GENERATION 23  100.0  94.918596  52.09358  23.66141
 RUN 2 GENERATION 24  100.0  94.918596  49.846246  24.932616
 RUN 2 GENERATION 25  100.0  94.918596  48.642109  23.97309
 RUN 2 GENERATION 26  100.0  94.918596  51.489718  22.934745
 RUN 2 GENERATION 27  100.0  94.918596  52.685378  21.772059
 RUN 2 GENERATION 28  100.0  94.918596  54.752899  23.67433
 RUN 2 GENERATION 29  100.0  94.918596  52.998035  23.081363
 RUN 3 GENERATION 0  -70.0  21.2699  -3.721188  6.226095
 RUN 3 GENERATION 1  -30.0  57.197882  9.055985  14.864288
 RUN 3 GENERATION 2  -30.0  57.197882  23.077091  14.429261
 RUN 3 GENERATION 3  -30.0  57.197882  37.616105  8.319323
 RUN 3 GENERATION 4  -30.0  57.197882  34.439744  13.567333
 RUN 3 GENERATION 5  -10.0  75.013548  36.9137  13.0634
 RUN 3 GENERATION 6  100.0  94.785064  38.941321  16.011327
 RUN 3 GENERATION 7  100.0  94.900134  37.950926  20.280127
 RUN 3 GENERATION 8  100.0  94.900134  34.155914  18.083578
 RUN 3 GENERATION 9  100.0  94.900134  35.315069  18.684606
 RUN 3 GENERATION 10  100.0  94.900134  36.301715  19.671485
 RUN 3 GENERATION 11  100.0  94.900134  36.154245  27.644964
 RUN 3 GENERATION 12  100.0  94.900134  35.740477  30.336094
 RUN 3 GENERATION 13  100.0  94.900134  40.712553  34.169836
 RUN 3 GENERATION 14  100.0  94.900134  42.06438  36.940056
 RUN 3 GENERATION 15  100.0  94.900134  33.133566  37.147789
 RUN 3 GENERATION 16  100.0  94.900134  39.545955  35.392284
 RUN 3 GENERATION 17  100.0  94.900134  37.3828  35.830395
 RUN 3 GENERATION 18  100.0  94.900134  40.477141  37.640986
 RUN 3 GENERATION 19  100.0  94.900134  32.479464  37.763328
 RUN 3 GENERATION 20  100.0  94.900134  32.112256  34.62233
 RUN 3 GENERATION 21  100.0  94.900134  38.302416  34.246313
 RUN 3 GENERATION 22  100.0  94.900134  34.146022  34.329439
 RUN 3 GENERATION 23  100.0  94.900134  38.102885  35.383929
 RUN 3 GENERATION 24  100.0  94.900134  35.80018  35.98936
 RUN 3 GENERATION 25  100.0  94.900134  30.550218  35.841372
 RUN 3 GENERATION 26  100.0  94.900134  35.080665  35.911512
 RUN 3 GENERATION 27  100.0  94.900134  35.288368  37.389579
 RUN 3 GENERATION 28  100.0  94.900134  40.253965  37.495595
 RUN 3 GENERATION 29  100.0  94.900134  33.361456  36.25244
 RUN 4 GENERATION 0  -50.0  39.013548  -3.34664  7.815398
 RUN 4 GENERATION 1  -20.0  66.136369  9.352012  18.537541
 RUN 4 GENERATION 2  -20.0  66.136369  31.992444  15.015729
 RUN 4 GENERATION 3  -20.0  66.136369  37.990651  11.775303
 RUN 4 GENERATION 4  -20.0  66.136369  43.238427  7.678351
 RUN 4 GENERATION 5  -20.0  66.136369  38.858051  14.801517
 RUN 4 GENERATION 6  -20.0  66.136369  37.661882  16.573405
 RUN 4 GENERATION 7  -20.0  66.153561  39.353435  15.841547
 RUN 4 GENERATION 8  -20.0  66.191858  41.090041  16.9325
 RUN 4 GENERATION 9  -10.0  75.144928  39.786927  16.915728
 RUN 4 GENERATION 10  -10.0  75.144928  40.878995  18.899678
 RUN 4 GENERATION 11  -10.0  75.144928  42.848223  17.945046
 RUN 4 GENERATION 12  -10.0  75.144928  42.945742  19.766196
 RUN 4 GENERATION 13  -10.0  75.159358  46.060521  18.30387
 RUN 4 GENERATION 14  -10.0  75.159358  37.006024  20.995687
 RUN 4 GENERATION 15  -10.0  75.159358  39.855177  17.752023
 RUN 4 GENERATION 16  -10.0  75.159358  37.988141  19.41414
 RUN 4 GENERATION 17  -10.0  75.159358  40.103638  16.894437
 RUN 4 GENERATION 18  -10.0  75.159358  41.22558  18.994579
 RUN 4 GENERATION 19  -10.0  75.174  40.75445  18.591133
 RUN 4 GENERATION 20  -10.0  75.174  38.534214  17.582469
 RUN 4 GENERATION 21  -10.0  75.174  41.496049  18.336981
 RUN 4 GENERATION 22  -10.0  75.174  41.479397  18.897395
 RUN 4 GENERATION 23  -10.0  75.174  40.740723  17.612269
 RUN 4 GENERATION 24  -10.0  75.174  39.572072  18.374068
 RUN 4 GENERATION 25  -10.0  75.174  41.312028  17.052384
 RUN 4 GENERATION 26  -10.0  75.174  38.758984  17.715227
 RUN 4 GENERATION 27  -10.0  75.174  40.770951  18.374661
 RUN 4 GENERATION 28  -10.0  75.174  39.927131  17.119293
 RUN 4 GENERATION 29  -10.0  75.174  40.844414  15.476843
 RUN 5 GENERATION 0  -40.0  48.021114  -1.568746  11.739189
 RUN 5 GENERATION 1  -10.0  75.21004  8.062468  18.839493
 RUN 5 GENERATION 2  -10.0  75.21004  33.117482  15.968207
 RUN 5 GENERATION 3  -10.0  75.21004  34.533641  19.4499
 RUN 5 GENERATION 4  -10.0  75.21004  41.17459  16.849886
 RUN 5 GENERATION 5  100.0  94.785064  45.817866  18.968552
 RUN 5 GENERATION 6  100.0  94.785064  43.374569  17.749116
 RUN 5 GENERATION 7  100.0  94.918596  38.859384  22.069447
 RUN 5 GENERATION 8  100.0  94.918596  44.66853  25.04441
 RUN 5 GENERATION 9  100.0  94.918596  42.32272  24.682271
 RUN 5 GENERATION 10  100.0  94.918596  44.424195  22.672659
 RUN 5 GENERATION 11  100.0  94.918596  43.800234  23.102034
 RUN 5 GENERATION 12  100.0  94.918596  44.738248  23.994199
 RUN 5 GENERATION 13  100.0  94.918596  45.018468  27.530239
 RUN 5 GENERATION 14  100.0  94.918596  49.608035  29.012517
 RUN 5 GENERATION 15  100.0  94.918596  43.812829  24.703227
 RUN 5 GENERATION 16  100.0  94.918596  48.033729  23.933962
 RUN 5 GENERATION 17  100.0  94.918596  45.119253  25.013574
 RUN 5 GENERATION 18  100.0  94.918596  52.016158  24.81208
 RUN 5 GENERATION 19  100.0  94.918596  44.647922  26.430954
 RUN 5 GENERATION 20  100.0  94.918596  42.868999  25.011942
 RUN 5 GENERATION 21  100.0  94.918596  48.80366  23.742648
 RUN 5 GENERATION 22  100.0  94.918596  47.9525  27.091759
 RUN 5 GENERATION 23  100.0  94.918596  45.602596  24.658841
 RUN 5 GENERATION 24  100.0  94.918596  42.463562  25.89504
 RUN 5 GENERATION 25  100.0  94.918596  48.550105  24.85008
 RUN 5 GENERATION 26  100.0  94.918596  41.537103  26.087339
 RUN 5 GENERATION 27  100.0  94.918596  42.239397  24.296969
 RUN 5 GENERATION 28  100.0  94.918596  52.259568  24.162239
 RUN 5 GENERATION 29  100.0  94.918596  47.240232  25.122763
 RUN 6 GENERATION 0  -50.0  39.013548  -4.169607  6.659516
 RUN 6 GENERATION 1  -20.0  66.044163  9.422239  17.48458
 RUN 6 GENERATION 2  -20.0  66.044163  33.735418  12.339112
 RUN 6 GENERATION 3  -20.0  66.044163  35.767502  13.01206
 RUN 6 GENERATION 4  -10.0  75.197882  40.126502  9.030503
 RUN 6 GENERATION 5  100.0  94.852506  44.29727  16.871849
 RUN 6 GENERATION 6  100.0  94.918596  46.605644  21.987324
 RUN 6 GENERATION 7  100.0  94.918596  53.028899  24.579102
 RUN 6 GENERATION 8  100.0  94.918596  49.816676  22.57892
 RUN 6 GENERATION 9  100.0  94.918596  48.323224  22.896358
 RUN 6 GENERATION 10  100.0  94.918596  49.217822  22.668886
 RUN 6 GENERATION 11  100.0  94.918596  49.41741  21.705007
 RUN 6 GENERATION 12  100.0  94.918596  52.354929  22.577321
 RUN 6 GENERATION 13  100.0  94.918596  50.717671  23.031281
 RUN 6 GENERATION 14  100.0  94.918596  48.907024  22.533928
 RUN 6 GENERATION 15  100.0  94.918596  50.941411  21.164081
 RUN 6 GENERATION 16  100.0  94.918596  49.662307  22.292708
 RUN 6 GENERATION 17  100.0  94.918596  51.011797  24.764988
 RUN 6 GENERATION 18  100.0  94.918596  52.686606  22.753014
 RUN 6 GENERATION 19  100.0  94.918596  55.456216  25.651782
 RUN 6 GENERATION 20  100.0  94.918596  55.180195  26.649155
 RUN 6 GENERATION 21  100.0  94.918596  51.935098  23.81761
 RUN 6 GENERATION 22  100.0  94.918596  49.3764  24.678233
 RUN 6 GENERATION 23  100.0  94.918596  52.766926  22.538881
 RUN 6 GENERATION 24  100.0  94.918596  57.505306  27.309146
 RUN 6 GENERATION 25  100.0  94.918596  49.368289  24.316571
 RUN 6 GENERATION 26  100.0  94.918596  53.557798  23.970321
 RUN 6 GENERATION 27  100.0  94.918596  50.444568  22.367921
 RUN 6 GENERATION 28  100.0  94.918596  53.223271  24.898603
 RUN 6 GENERATION 29  100.0  94.918596  50.274364  23.196902
 RUN 7 GENERATION 0  -50.0  39.179917  -3.180502  9.35798
 RUN 7 GENERATION 1  -50.0  39.179917  7.853404  17.383467
 RUN 7 GENERATION 2  -30.0  57.089203  29.89098  17.725451
 RUN 7 GENERATION 3  -30.0  57.089203  30.082729  17.690788
 RUN 7 GENERATION 4  -30.0  57.089203  35.480925  12.578137
 RUN 7 GENERATION 5  -30.0  57.089203  36.741553  11.419924
 RUN 7 GENERATION 6  -30.0  57.2699  37.992785  9.603903
 RUN 7 GENERATION 7  -20.0  66.203942  35.552801  15.028816
 RUN 7 GENERATION 8  -20.0  66.203942  37.641307  11.419069
 RUN 7 GENERATION 9  -20.0  66.203942  37.892365  12.135075
 RUN 7 GENERATION 10  -20.0  66.2699  40.386879  12.641393
 RUN 7 GENERATION 11  -20.0  66.2699  39.475862  14.376158
 RUN 7 GENERATION 12  -20.0  66.2699  39.650004  15.700308
 RUN 7 GENERATION 13  -20.0  66.2699  39.476393  15.690428
 RUN 7 GENERATION 14  -10.0  75.2699  39.139457  15.08176
 RUN 7 GENERATION 15  -10.0  75.2699  36.660676  15.968848
 RUN 7 GENERATION 16  -10.0  75.2699  37.576599  13.737989
 RUN 7 GENERATION 17  -10.0  75.2699  35.274971  17.722035
 RUN 7 GENERATION 18  -10.0  75.2699  36.015748  18.067026
 RUN 7 GENERATION 19  -10.0  75.2699  35.393674  20.095327
 RUN 7 GENERATION 20  100.0  94.785064  41.163718  20.22047
 RUN 7 GENERATION 21  100.0  94.785064  35.147206  19.457527
 RUN 7 GENERATION 22  100.0  94.852506  41.56428  20.562412
 RUN 7 GENERATION 23  100.0  94.852506  36.787058  22.388041
 RUN 7 GENERATION 24  100.0  94.852506  40.276879  23.64748
 RUN 7 GENERATION 25  100.0  94.852506  43.855029  23.58766
 RUN 7 GENERATION 26  100.0  94.852506  41.322451  23.273915
 RUN 7 GENERATION 27  100.0  94.852506  37.256982  22.765739
 RUN 7 GENERATION 28  100.0  94.852506  37.535912  22.399209
 RUN 7 GENERATION 29  100.0  94.852506  40.65252  21.455887
 RUN 8 GENERATION 0  -50.0  39.122264  -2.777371  9.691987
 RUN 8 GENERATION 1  -22.0  48.892245  12.331202  19.622189
 RUN 8 GENERATION 2  -22.0  48.892245  35.000448  12.840845
 RUN 8 GENERATION 3  -30.0  57.089203  35.587685  13.023044
 RUN 8 GENERATION 4  -30.0  57.203942  34.80881  13.95232
 RUN 8 GENERATION 5  -20.0  66.016064  38.473801  10.828367
 RUN 8 GENERATION 6  -20.0  66.016064  36.181825  14.927333
 RUN 8 GENERATION 7  -20.0  66.016064  39.089426  16.163741
 RUN 8 GENERATION 8  -20.0  66.016064  35.916267  21.870915
 RUN 8 GENERATION 9  -20.0  66.016064  32.344376  23.67336
 RUN 8 GENERATION 10  -20.0  66.016064  37.087115  20.696856
 RUN 8 GENERATION 11  -20.0  66.016064  31.540064  23.538222
 RUN 8 GENERATION 12  -20.0  66.176954  30.454244  24.030763
 RUN 8 GENERATION 13  -20.0  66.176954  36.327417  20.080744
 RUN 8 GENERATION 14  -20.0  66.176954  27.163641  23.931724
 RUN 8 GENERATION 15  -20.0  66.241098  35.729277  23.751007
 RUN 8 GENERATION 16  -20.0  66.241098  30.604355  24.35279
 RUN 8 GENERATION 17  -20.0  66.241098  29.788601  24.160479
 RUN 8 GENERATION 18  -20.0  66.241098  31.683097  23.958075
 RUN 8 GENERATION 19  -20.0  66.241098  29.253855  24.023048
 RUN 8 GENERATION 20  -20.0  66.241098  32.27892  24.318659
 RUN 8 GENERATION 21  -20.0  66.241098  31.527669  25.779176
 RUN 8 GENERATION 22  -20.0  66.241098  26.499609  25.746759
 RUN 8 GENERATION 23  -20.0  66.241098  33.064173  22.268616
 RUN 8 GENERATION 24  -20.0  66.241098  32.898289  23.330843
 RUN 8 GENERATION 25  -20.0  66.241098  31.756226  24.483453
 RUN 8 GENERATION 26  -20.0  66.241098  30.948054  23.735475
 RUN 8 GENERATION 27  -20.0  66.241098  26.593535  25.33033
 RUN 8 GENERATION 28  -20.0  66.241098  34.723598  25.111354
 RUN 8 GENERATION 29  -20.0  66.241098  33.072655  24.593415
 RUN 9 GENERATION 0  -50.0  39.013548  -2.675332  9.251058
 RUN 9 GENERATION 1  -30.0  56.575131  7.698452  16.94323
 RUN 9 GENERATION 2  -10.0  75.049357  25.09217  18.822428
 RUN 9 GENERATION 3  100.0  94.785064  35.66979  20.314672
 RUN 9 GENERATION 4  100.0  94.918596  40.031222  20.76891
 RUN 9 GENERATION 5  100.0  94.918596  47.868672  22.495374
 RUN 9 GENERATION 6  100.0  94.918596  45.753933  25.35732
 RUN 9 GENERATION 7  100.0  94.918596  51.502399  23.637099
 RUN 9 GENERATION 8  100.0  94.918596  48.324981  21.835032
 RUN 9 GENERATION 9  100.0  94.918596  51.599121  24.063177
 RUN 9 GENERATION 10  100.0  94.918596  50.553704  20.747485
 RUN 9 GENERATION 11  100.0  94.918596  48.180698  21.534825
 RUN 9 GENERATION 12  100.0  94.918596  49.235698  22.773657
 RUN 9 GENERATION 13  100.0  94.918596  49.571587  23.807243
 RUN 9 GENERATION 14  100.0  94.918596  48.902173  23.23436
 RUN 9 GENERATION 15  100.0  94.918596  47.985933  22.353052
 RUN 9 GENERATION 16  100.0  94.918596  49.009143  24.899028
 RUN 9 GENERATION 17  100.0  94.918596  49.769211  22.633781
 RUN 9 GENERATION 18  100.0  94.918596  45.668089  21.787432
 RUN 9 GENERATION 19  100.0  94.918596  48.09109  20.486264
 RUN 9 GENERATION 20  100.0  94.918596  49.019773  24.25374
 RUN 9 GENERATION 21  100.0  94.918596  46.72973  22.259578
 RUN 9 GENERATION 22  100.0  94.918596  46.60316  27.758565
 RUN 9 GENERATION 23  100.0  94.918596  48.023701  25.239898
 RUN 9 GENERATION 24  100.0  94.918596  45.675222  20.777685
 RUN 9 GENERATION 25  100.0  94.918596  47.97909  23.159008
 RUN 9 GENERATION 26  100.0  94.918596  43.48843  19.494013
 RUN 9 GENERATION 27  100.0  94.918596  47.493387  22.426019
 RUN 9 GENERATION 28  100.0  94.918596  45.602121  21.884793
 RUN 9 GENERATION 29  100.0  94.918596  45.53354  23.221929