
 RUN 0 GENERATION 0  47.2  89.372892  9.602758  27.305873
 RUN 0 GENERATION 1  47.2  89.372892  58.639674  24.523227
 RUN 0 GENERATION 2  48.4  89.526794  73.069503  20.11487
 RUN 0 GENERATION 3  49.6  89.661683  83.950502  6.928157
 RUN 0 GENERATION 4  50.2  89.716695  85.455568  13.92873
 RUN 0 GENERATION 5  52.0  89.906695  88.500759  4.616228
 RUN 0 GENERATION 6  59.8  90.681683  88.613311  4.58335
 RUN 0 GENERATION 7  61.0  90.801683  87.513757  10.443462
 RUN 0 GENERATION 8  61.0  90.801683  87.47273  9.216224
 RUN 0 GENERATION 9  62.8  90.986695  88.426142  5.597787
 RUN 0 GENERATION 10  64.6  91.166695  86.771994  8.757314
 RUN 0 GENERATION 11  64.6  91.166695  84.742468  9.816626
 RUN 0 GENERATION 12  68.2  91.526695  85.323551  14.837383
 RUN 0 GENERATION 13  68.2  91.526695  85.609871  9.380707
 RUN 0 GENERATION 14  70.6  91.761683  83.349134  16.227915
 RUN 0 GENERATION 15  71.8  91.876695  84.142704  14.567114
 RUN 0 GENERATION 16  72.4  91.936695  83.289983  13.663585
 RUN 0 GENERATION 17  72.4  91.936695  84.32188  12.622459
 RUN 0 GENERATION 18  73.6  92.056695  84.682443  15.138891
 RUN 0 GENERATION 19  73.6  92.056695  84.257627  12.820068
 RUN 0 GENERATION 20  73.6  92.056695  86.568364  7.745567
 RUN 0 GENERATION 21  73.6  92.061683  89.069384  5.769001
 RUN 0 GENERATION 22  73.6  92.061683  87.456891  6.543654
 RUN 0 GENERATION 23  73.6  92.061683  85.883764  11.111427
 RUN 0 GENERATION 24  73.6  92.061683  82.368941  17.818277
 RUN 0 GENERATION 25  73.6  92.061683  85.263157  11.890876
 RUN 0 GENERATION 26  73.6  92.061683  86.653928  7.965932
 RUN 0 GENERATION 27  73.6  92.061683  85.389563  11.83489
 RUN 0 GENERATION 28  73.6  92.061683  86.194704  8.20799
 RUN 0 GENERATION 29  73.6  92.061683  86.28218  10.586304
 RUN 1 GENERATION 0  48.4  89.541683  9.637076  27.165423
 RUN 1 GENERATION 1  52.6  90.283266  55.209979  27.638546
 RUN 1 GENERATION 2  52.6  90.283266  67.865713  11.253723
 RUN 1 GENERATION 3  52.6  90.283266  72.915319  9.953487
 RUN 1 GENERATION 4  52.6  90.283266  80.194025  11.109504
 RUN 1 GENERATION 5  52.6  90.283266  82.791677  15.180029
 RUN 1 GENERATION 6  52.6  90.283266  73.280885  17.980695
 RUN 1 GENERATION 7  54.4  90.549651  75.732474  15.498036
 RUN 1 GENERATION 8  54.4  90.549651  78.069571  13.143639
 RUN 1 GENERATION 9  54.4  90.549651  74.308622  12.73524
 RUN 1 GENERATION 10  54.4  90.549651  81.692863  10.907442
 RUN 1 GENERATION 11  54.4  90.549651  75.966532  12.754501
 RUN 1 GENERATION 12  54.4  90.549651  75.108238  16.382535
 RUN 1 GENERATION 13  54.4  90.549651  71.351177  13.554498
 RUN 1 GENERATION 14  54.4  90.549651  75.356791  15.975445
 RUN 1 GENERATION 15  54.4  90.549651  71.290709  21.787779
 RUN 1 GENERATION 16  54.4  90.549651  77.479986  16.237394
 RUN 1 GENERATION 17  54.4  90.549651  77.047148  11.698791
 RUN 1 GENERATION 18  54.4  90.549651  78.290988  11.496103
 RUN 1 GENERATION 19  54.4  90.549651  75.558259  13.090779
 RUN 1 GENERATION 20  54.4  90.549651  74.692091  15.201462
 RUN 1 GENERATION 21  54.4  90.549651  83.330265  9.670032
 RUN 1 GENERATION 22  54.4  90.549651  79.277014  11.509429
 RUN 1 GENERATION 23  54.4  90.549651  83.810102  10.205497
 RUN 1 GENERATION 24  54.4  90.549651  82.287626  13.824888
 RUN 1 GENERATION 25  54.4  90.549651  81.291305  10.786342
 RUN 1 GENERATION 26  54.4  90.549651  85.071936  8.45637
 RUN 1 GENERATION 27  54.4  90.549651  82.203257  11.233325
 RUN 1 GENERATION 28  54.4  90.549651  82.084714  10.381713
 RUN 1 GENERATION 29  54.4  90.549651  83.18071  11.202256
 RUN 2 GENERATION 0  30.4  87.522547  10.018386  26.27451
 RUN 2 GENERATION 1  30.4  87.522547  50.370085  29.742187
 RUN 2 GENERATION 2  49.0  89.094865  73.816789  13.068724
 RUN 2 GENERATION 3  49.0  89.094865  83.193102  10.263194
 RUN 2 GENERATION 4  50.8  89.274865  85.665519  5.710478
 RUN 2 GENERATION 5  51.4  89.334865  84.743841  7.229504
 RUN 2 GENERATION 6  53.8  89.574865  81.929994  16.480361
 RUN 2 GENERATION 7  54.4  89.634865  84.423256  10.490519
 RUN 2 GENERATION 8  55.6  89.801098  83.600657  15.223323
 RUN 2 GENERATION 9  57.4  90.206611  80.618143  20.079032
 RUN 2 GENERATION 10  57.4  90.206611  83.761463  14.236284
 RUN 2 GENERATION 11  57.4  90.206611  82.920052  17.73057
 RUN 2 GENERATION 12  61.6  90.401098  79.333271  24.239066
 RUN 2 GENERATION 13  61.6  90.404258  80.229209  22.099665
 RUN 2 GENERATION 14  61.6  90.404258  82.528282  20.268484
 RUN 2 GENERATION 15  61.6  90.407427  82.676323  16.536974
 RUN 2 GENERATION 16  60.4  90.506611  81.715579  22.323017
 RUN 2 GENERATION 17  62.2  90.51289  84.832817  13.98345
 RUN 2 GENERATION 18  61.0  90.566611  83.811352  18.595322
 RUN 2 GENERATION 19  61.0  90.566611  85.026232  16.179713
 RUN 2 GENERATION 20  61.0  90.566611  84.898667  16.641356
 RUN 2 GENERATION 21  61.0  90.566611  83.298754  19.962891
 RUN 2 GENERATION 22  62.2  90.686611  85.527468  16.020619
 RUN 2 GENERATION 23  62.2  90.686611  84.547286  17.132211
 RUN 2 GENERATION 24  62.2  90.686611  86.347157  14.53235
 RUN 2 GENERATION 25  62.2  90.686611  84.454237  18.47311
 RUN 2 GENERATION 26  62.2  90.686611  83.37037  19.064129
 RUN 2 GENERATION 27  62.2  90.686611  83.632584  18.529115
 RUN 2 GENERATION 28  62.2  90.686611  81.27468  22.543634
 RUN 2 GENERATION 29  62.2  90.686611  88.170407  7.606297
 RUN 3 GENERATION 0  43.6  89.012892  3.856963  22.130619
 RUN 3 GENERATION 1  43.6  89.012892  45.310231  30.385154
 RUN 3 GENERATION 2  46.0  89.243414  65.782355  15.266267
 RUN 3 GENERATION 3  46.0  89.252892  74.257465  8.925323
 RUN 3 GENERATION 4  46.6  89.308142  77.477188  9.767618
 RUN 3 GENERATION 5  47.2  89.431733  86.847265  5.83819
 RUN 3 GENERATION 6  47.2  89.436796  87.900248  5.197319
 RUN 3 GENERATION 7  47.2  89.436796  88.681263  3.565475
 RUN 3 GENERATION 8  47.2  89.436796  88.829497  2.745818
 RUN 3 GENERATION 9  47.2  89.436796  88.472495  3.805596
 RUN 3 GENERATION 10  48.4  89.551733  89.242826  0.641145
 RUN 3 GENERATION 11  49.0  89.616796  88.139555  4.206681
 RUN 3 GENERATION 12  49.0  89.616796  88.632246  2.503005
 RUN 3 GENERATION 13  49.0  89.616796  87.69222  4.748442
 RUN 3 GENERATION 14  49.0  89.616796  87.273697  5.644255
 RUN 3 GENERATION 15  49.6  89.671733  86.746673  5.432502
 RUN 3 GENERATION 16  49.6  89.676796  88.280983  3.000697
 RUN 3 GENERATION 17  52.0  89.911733  87.923272  4.997315
 RUN 3 GENERATION 18  53.2  90.031733  88.513009  4.100078
 RUN 3 GENERATION 19  55.0  90.211733  88.425912  3.992219
 RUN 3 GENERATION 20  55.0  90.211733  87.791872  5.543968
 RUN 3 GENERATION 21  56.2  90.336796  87.632013  5.6741
 RUN 3 GENERATION 22  56.2  90.336796  86.658441  7.709189
 RUN 3 GENERATION 23  56.2  90.336796  88.365912  3.632611
 RUN 3 GENERATION 24  56.2  90.336796  87.434153  4.925276
 RUN 3 GENERATION 25  56.2  90.336796  87.511976  5.253387
 RUN 3 GENERATION 26  56.2  90.336796  87.678239  3.875621
 RUN 3 GENERATION 27  56.2  90.336796  87.292418  5.902003
 RUN 3 GENERATION 28  56.2  90.336796  86.72209  6.180105
 RUN 3 GENERATION 29  56.2  90.336796  87.444898  5.547548
 RUN 4 GENERATION 0  24.4  87.092892  9.313001  27.671212
 RUN 4 GENERATION 1  24.4  87.092892  51.926054  27.586823
 RUN 4 GENERATION 2  24.4  87.092892  70.228855  6.923165
 RUN 4 GENERATION 3  24.4  87.092892  73.814759  8.298109
 RUN 4 GENERATION 4  25.6  87.212892  77.785988  10.19083
 RUN 4 GENERATION 5  28.6  87.512892  79.980466  9.727844
 RUN 4 GENERATION 6  28.6  87.512892  79.725983  9.912533
 RUN 4 GENERATION 7  29.8  87.632892  80.722444  9.637951
 RUN 4 GENERATION 8  35.2  88.172892  86.580431  4.383828
 RUN 4 GENERATION 9  35.2  88.172892  86.270666  6.08177
 RUN 4 GENERATION 10  37.0  88.352892  84.968115  8.091317
 RUN 4 GENERATION 11  37.0  88.352892  84.807616  10.224392
 RUN 4 GENERATION 12  37.0  88.352892  86.904812  3.824801
 RUN 4 GENERATION 13  55.6  90.669651  86.23562  6.444695
 RUN 4 GENERATION 14  55.6  90.669651  86.371213  7.62517
 RUN 4 GENERATION 15  55.6  90.669651  85.617656  7.150276
 RUN 4 GENERATION 16  56.2  90.729651  86.221358  6.665081
 RUN 4 GENERATION 17  58.6  90.969651  87.528571  3.150415
 RUN 4 GENERATION 18  58.6  90.969651  86.621287  7.600701
 RUN 4 GENERATION 19  70.0  92.117198  87.020916  12.091094
 RUN 4 GENERATION 20  73.6  92.477198  87.362913  16.120939
 RUN 4 GENERATION 21  80.8  93.103266  87.818935  12.839604
 RUN 4 GENERATION 22  80.8  93.103266  87.770211  10.585021
 RUN 4 GENERATION 23  82.0  93.223266  82.586045  21.981768
 RUN 4 GENERATION 24  82.0  93.223266  84.478936  18.660728
 RUN 4 GENERATION 25  82.0  93.223266  83.256592  19.715453
 RUN 4 GENERATION 26  82.0  93.223266  78.97223  24.573273
 RUN 4 GENERATION 27  82.0  93.223266  70.112587  29.533897
 RUN 4 GENERATION 28  82.0  93.223266  74.820132  26.360864
 RUN 4 GENERATION 29  82.6  93.283266  74.663522  28.690843
 RUN 5 GENERATION 0  -10.0  75.588354  14.416923  29.952247
 RUN 5 GENERATION 1  35.8  88.296796  61.415541  21.462805
 RUN 5 GENERATION 2  35.8  88.296796  73.450549  7.185633
 RUN 5 GENERATION 3  35.8  88.296796  77.903461  7.094727
 RUN 5 GENERATION 4  36.4  88.356796  83.452169  5.834742
 RUN 5 GENERATION 5  52.6  90.045064  83.924307  5.939326
 RUN 5 GENERATION 6  52.6  90.045064  81.363065  11.110044
 RUN 5 GENERATION 7  52.6  90.045064  81.87706  7.251351
 RUN 5 GENERATION 8  52.6  90.045064  82.671343  7.192503
 RUN 5 GENERATION 9  52.6  90.045064  83.03018  6.670302
 RUN 5 GENERATION 10  53.2  90.105064  82.195565  7.175966
 RUN 5 GENERATION 11  53.2  90.105064  81.686825  10.594321
 RUN 5 GENERATION 12  53.2  90.105064  82.796441  6.64182
 RUN 5 GENERATION 13  53.2  90.105064  82.9149  7.562876
 RUN 5 GENERATION 14  53.2  90.105064  82.626596  6.924583
 RUN 5 GENERATION 15  53.2  90.105064  80.551805  7.593586
 RUN 5 GENERATION 16  53.2  90.105064  81.942183  7.593388
 RUN 5 GENERATION 17  53.2  90.105064  82.818991  6.687872
 RUN 5 GENERATION 18  53.2  90.105064  83.770574  6.720397
 RUN 5 GENERATION 19  53.2  90.105064  83.914765  6.123514
 RUN 5 GENERATION 20  53.2  90.105064  83.316751  6.93016
 RUN 5 GENERATION 21  53.2  90.105064  82.704383  9.579326
 RUN 5 GENERATION 22  53.2  90.105064  83.467709  6.233193
 RUN 5 GENERATION 23  53.2  90.105064  84.027455  6.461725
 RUN 5 GENERATION 24  53.2  90.105064  82.315195  7.118114
 RUN 5 GENERATION 25  53.2  90.105064  84.043719  6.819082
 RUN 5 GENERATION 26  53.2  90.105064  82.754064  6.8314
 RUN 5 GENERATION 27  53.2  90.105064  82.50916  7.190506
 RUN 5 GENERATION 28  53.2  90.105064  82.489121  6.691729
 RUN 5 GENERATION 29  53.2  90.105064  83.329865  6.840154
 RUN 6 GENERATION 0  -10.0  75.263428  5.140248  23.110747
 RUN 6 GENERATION 1  43.6  89.046794  44.896011  31.902771
 RUN 6 GENERATION 2  43.6  89.056695  74.786133  13.826286
 RUN 6 GENERATION 3  43.6  89.066695  84.823547  9.059063
 RUN 6 GENERATION 4  43.6  89.066695  85.170597  10.709409
 RUN 6 GENERATION 5  43.6  89.066695  86.302649  10.869349
 RUN 6 GENERATION 6  64.6  91.112892  86.122777  5.887899
 RUN 6 GENERATION 7  64.6  91.112892  84.832376  11.358108
 RUN 6 GENERATION 8  64.6  91.112892  87.093541  9.979291
 RUN 6 GENERATION 9  64.6  91.112892  86.964029  10.206815
 RUN 6 GENERATION 10  64.6  91.112892  86.372464  6.817257
 RUN 6 GENERATION 11  64.6  91.112892  84.908197  11.994879
 RUN 6 GENERATION 12  70.6  91.766695  87.276324  5.486993
 RUN 6 GENERATION 13  72.4  91.946695  87.966182  6.335544
 RUN 6 GENERATION 14  73.6  92.066695  90.023976  4.33955
 RUN 6 GENERATION 15  73.6  92.066695  90.707361  3.212747
 RUN 6 GENERATION 16  74.2  92.121683  89.557149  6.199994
 RUN 6 GENERATION 17  74.2  92.121683  89.926338  5.680602
 RUN 6 GENERATION 18  74.2  92.121683  89.556621  6.152644
 RUN 6 GENERATION 19  74.2  92.126695  90.377776  4.748044
 RUN 6 GENERATION 20  74.2  92.126695  89.887965  6.319494
 RUN 6 GENERATION 21  74.2  92.126695  90.004431  5.328811
 RUN 6 GENERATION 22  74.2  92.126695  90.000122  5.11585
 RUN 6 GENERATION 23  74.2  92.126695  89.663518  5.719731
 RUN 6 GENERATION 24  74.2  92.126695  88.903918  7.064117
 RUN 6 GENERATION 25  74.2  92.126695  90.288874  4.192891
 RUN 6 GENERATION 26  74.2  92.126695  90.169974  4.491061
 RUN 6 GENERATION 27  74.2  92.126695  90.429625  4.202435
 RUN 6 GENERATION 28  74.2  92.126695  90.451786  4.363753
 RUN 6 GENERATION 29  74.2  92.126695  90.253766  4.449565
 RUN 7 GENERATION 0  27.4  87.388142  11.006193  28.990835
 RUN 7 GENERATION 1  44.8  89.15699  58.043392  28.672237
 RUN 7 GENERATION 2  48.4  89.546695  78.29957  12.73244
 RUN 7 GENERATION 3  48.4  89.546695  74.724309  25.057358
 RUN 7 GENERATION 4  49.0  89.606695  82.866028  17.921667
 RUN 7 GENERATION 5  49.0  89.606695  89.291058  0.46777
 RUN 7 GENERATION 6  50.2  89.726695  89.424661  0.309884
 RUN 7 GENERATION 7  50.2  89.726695  89.364072  0.311849
 RUN 7 GENERATION 8  55.0  90.201683  89.440943  0.281326
 RUN 7 GENERATION 9  58.0  90.448142  88.694585  5.116307
 RUN 7 GENERATION 10  58.0  90.506695  85.561951  14.991801
 RUN 7 GENERATION 11  58.6  90.512892  85.334654  16.937315
 RUN 7 GENERATION 12  58.6  90.512892  85.161724  16.71868
 RUN 7 GENERATION 13  59.2  90.572892  87.286321  11.161161
 RUN 7 GENERATION 14  59.2  90.572892  87.652715  7.581075
 RUN 7 GENERATION 15  59.2  90.572892  86.661206  11.377631
 RUN 7 GENERATION 16  59.2  90.572892  86.642082  11.851318
 RUN 7 GENERATION 17  59.2  90.572892  84.635092  16.834797
 RUN 7 GENERATION 18  59.2  90.572892  86.244581  14.800398
 RUN 7 GENERATION 19  59.2  90.572892  87.308233  10.765543
 RUN 7 GENERATION 20  59.8  90.632892  85.876672  15.699928
 RUN 7 GENERATION 21  59.8  90.632892  86.768636  11.505257
 RUN 7 GENERATION 22  59.8  90.632892  87.686038  8.664027
 RUN 7 GENERATION 23  61.0  90.748142  85.287414  15.888017
 RUN 7 GENERATION 24  61.0  90.748142  84.24533  14.754186
 RUN 7 GENERATION 25  61.0  90.748142  84.459109  17.126218
 RUN 7 GENERATION 26  61.0  90.752892  82.757073  19.005889
 RUN 7 GENERATION 27  61.0  90.752892  81.601879  22.362277
 RUN 7 GENERATION 28  61.0  90.752892  77.66223  26.084209
 RUN 7 GENERATION 29  61.0  90.752892  82.511742  19.879021
 RUN 8 GENERATION 0  46.0  89.252892  5.784769  24.308622
 RUN 8 GENERATION 1  46.0  89.252892  47.128236  33.131374
 RUN 8 GENERATION 2  46.0  89.252892  70.063886  21.048701
 RUN 8 GENERATION 3  46.6  89.361683  88.117773  4.333469
 RUN 8 GENERATION 4  46.6  89.366695  89.180987  0.4102
 RUN 8 GENERATION 5  46.6  89.366695  89.286294  0.185196
 RUN 8 GENERATION 6  46.6  89.366695  89.284797  0.335497
 RUN 8 GENERATION 7  46.6  89.366695  89.188734  1.399401
 RUN 8 GENERATION 8  48.4  89.492892  89.085036  2.243457
 RUN 8 GENERATION 9  48.4  89.492892  89.335302  0.079264
 RUN 8 GENERATION 10  50.2  89.672892  89.325996  0.245138
 RUN 8 GENERATION 11  50.2  89.672892  89.327884  0.575
 RUN 8 GENERATION 12  51.4  89.792892  89.565255  0.123454
 RUN 8 GENERATION 13  51.4  89.792892  89.54901  0.572301
 RUN 8 GENERATION 14  51.4  89.792892  89.539519  0.523279
 RUN 8 GENERATION 15  51.4  89.792892  89.479422  0.679514
 RUN 8 GENERATION 16  51.4  89.792892  89.529137  0.69164
 RUN 8 GENERATION 17  51.4  89.792892  89.489092  0.675048
 RUN 8 GENERATION 18  51.4  89.792892  89.517287  0.627225
 RUN 8 GENERATION 19  51.4  89.792892  89.526515  0.62876
 RUN 8 GENERATION 20  51.4  89.792892  89.508724  0.617045
 RUN 8 GENERATION 21  51.4  89.792892  89.533183  0.619897
 RUN 8 GENERATION 22  51.4  89.792892  89.595647  0.316739
 RUN 8 GENERATION 23  51.4  89.792892  89.491308  0.618851
 RUN 8 GENERATION 24  51.4  89.792892  89.500458  0.625803
 RUN 8 GENERATION 25  51.4  89.792892  89.457792  0.625467
 RUN 8 GENERATION 26  51.4  89.792892  89.425621  0.80931
 RUN 8 GENERATION 27  51.4  89.792892  89.195315  2.34664
 RUN 8 GENERATION 28  51.4  89.792892  89.116066  2.470207
 RUN 8 GENERATION 29  51.4  89.792892  88.719233  3.313765
 RUN 9 GENERATION 0  23.8  86.713573  7.607218  24.8955
 RUN 9 GENERATION 1  36.4  88.118539  57.730332  25.344432
 RUN 9 GENERATION 2  41.8  88.886695  71.109135  11.210948
 RUN 9 GENERATION 3  41.8  88.886695  73.819303  16.56977
 RUN 9 GENERATION 4  55.6  89.788559  79.957571  16.138429
 RUN 9 GENERATION 5  55.6  89.788559  75.359573  22.391528
 RUN 9 GENERATION 6  55.6  89.788559  70.33715  23.987609
 RUN 9 GENERATION 7  55.6  89.788559  75.077914  22.483371
 RUN 9 GENERATION 8  55.6  89.788559  81.363782  15.030993
 RUN 9 GENERATION 9  55.6  89.788559  82.055235  15.291377
 RUN 9 GENERATION 10  55.6  89.788559  81.669994  18.899118
 RUN 9 GENERATION 11  55.6  89.788559  83.772659  12.676386
 RUN 9 GENERATION 12  56.8  90.162547  84.549622  15.774566
 RUN 9 GENERATION 13  56.8  90.162547  84.855052  13.587006
 RUN 9 GENERATION 14  56.8  90.162547  85.568621  12.077916
 RUN 9 GENERATION 15  56.8  90.162547  81.273352  20.570313
 RUN 9 GENERATION 16  56.8  90.162547  83.757618  17.318602
 RUN 9 GENERATION 17  57.4  90.267729  79.415369  20.703783
 RUN 9 GENERATION 18  58.0  90.392828  80.015209  20.86597
 RUN 9 GENERATION 19  58.0  90.392828  78.931257  19.69204
 RUN 9 GENERATION 20  58.0  90.392828  74.424159  22.478395
 RUN 9 GENERATION 21  58.0  90.392828  74.4281  25.184853
 RUN 9 GENERATION 22  58.0  90.392828  78.564375  22.035574
 RUN 9 GENERATION 23  58.0  90.392828  73.838527  24.435814
 RUN 9 GENERATION 24  58.0  90.392828  77.379302  22.430618
 RUN 9 GENERATION 25  58.0  90.392828  75.022901  21.093606
 RUN 9 GENERATION 26  58.6  90.448354  75.611169  24.29567
 RUN 9 GENERATION 27  59.8  90.572828  77.03992  22.234397
 RUN 9 GENERATION 28  60.4  90.632828  77.694133  21.744017
 RUN 9 GENERATION 29  60.4  90.632828  81.205458  17.8368