
 RUN 0 GENERATION 0  -30.0  57.018586  -2.553972  10.515993
 RUN 0 GENERATION 1  -30.0  57.018586  12.374526  20.166749
 RUN 0 GENERATION 2  -30.0  57.018586  37.655251  12.903845
 RUN 0 GENERATION 3  -30.0  57.018586  43.693168  18.561685
 RUN 0 GENERATION 4  -30.0  57.018586  51.714319  10.181725
 RUN 0 GENERATION 5  -30.0  57.018586  55.041333  5.329952
 RUN 0 GENERATION 6  -30.0  57.018586  53.326832  10.273415
 RUN 0 GENERATION 7  -30.0  57.018586  53.417386  8.906816
 RUN 0 GENERATION 8  -30.0  57.018586  53.060047  9.028997
 RUN 0 GENERATION 9  -30.0  57.018586  52.333081  10.613751
 RUN 0 GENERATION 10  -30.0  57.018586  53.330442  10.271036
 RUN 0 GENERATION 11  -30.0  57.018586  53.052817  9.040502
 RUN 0 GENERATION 12  -30.0  57.018586  52.057443  10.769748
 RUN 0 GENERATION 13  100.0  94.785064  54.426861  7.54502
 RUN 0 GENERATION 14  100.0  94.785064  55.418625  6.991983
 RUN 0 GENERATION 15  100.0  94.852506  55.63255  9.713008
 RUN 0 GENERATION 16  100.0  94.852506  52.300594  11.255793
 RUN 0 GENERATION 17  100.0  94.852506  52.754599  13.273226
 RUN 0 GENERATION 18  100.0  94.852506  52.789317  16.396602
 RUN 0 GENERATION 19  100.0  94.918596  49.939102  21.201711
 RUN 0 GENERATION 20  100.0  94.918596  53.320807  17.112905
 RUN 0 GENERATION 21  100.0  94.918596  59.818347  21.339285
 RUN 0 GENERATION 22  100.0  94.918596  54.564893  19.34584
 RUN 0 GENERATION 23  100.0  94.918596  58.249621  20.392757
 RUN 0 GENERATION 24  100.0  94.918596  58.968904  21.03872
 RUN 0 GENERATION 25  100.0  94.918596  53.299342  18.980665
 RUN 0 GENERATION 26  100.0  94.918596  57.135823  19.230901
 RUN 0 GENERATION 27  100.0  94.918596  56.0742  21.016024
 RUN 0 GENERATION 28  100.0  94.918596  57.926604  21.282257
 RUN 0 GENERATION 29  100.0  94.918596  60.118936  23.03613
 RUN 1 GENERATION 0  -40.0  47.974134  -3.037175  8.709745
 RUN 1 GENERATION 1  -40.0  47.974134  1.587695  11.327247
 RUN 1 GENERATION 2  -30.0  57.260207  23.633837  16.928662
 RUN 1 GENERATION 3  -30.0  57.2699  45.113056  10.044159
 RUN 1 GENERATION 4  -10.0  75.260207  47.447913  10.117909
 RUN 1 GENERATION 5  -10.0  75.260207  47.522219  10.782794
 RUN 1 GENERATION 6  -10.0  75.260207  46.099502  15.569437
 RUN 1 GENERATION 7  100.0  94.785064  45.752843  17.569974
 RUN 1 GENERATION 8  100.0  94.785064  46.646509  17.647826
 RUN 1 GENERATION 9  100.0  94.785064  45.83985  16.037566
 RUN 1 GENERATION 10  100.0  94.785064  43.412493  18.418113
 RUN 1 GENERATION 11  100.0  94.785064  45.389116  17.067516
 RUN 1 GENERATION 12  100.0  94.785064  44.858838  18.326129
 RUN 1 GENERATION 13  100.0  94.785064  43.506041  18.723623
 RUN 1 GENERATION 14  100.0  94.785064  40.834342  19.630481
 RUN 1 GENERATION 15  100.0  94.785064  43.131371  17.874868
 RUN 1 GENERATION 16  100.0  94.785064  41.902864  21.607884
 RUN 1 GENERATION 17  100.0  94.785064  44.405903  19.124844
 RUN 1 GENERATION 18  100.0  94.785064  41.802534  20.852639
 RUN 1 GENERATION 19  100.0  94.785064  45.221485  20.207768
 RUN 1 GENERATION 20  100.0  94.785064  41.785539  19.804866
 RUN 1 GENERATION 21  100.0  94.785064  40.270153  18.61534
 RUN 1 GENERATION 22  100.0  94.785064  41.699919  22.0431
 RUN 1 GENERATION 23  100.0  94.785064  45.045077  18.153575
 RUN 1 GENERATION 24  100.0  94.785064  44.597169  20.623472
 RUN 1 GENERATION 25  100.0  94.852506  48.2531  21.253817
 RUN 1 GENERATION 26  100.0  94.852506  41.104616  21.824111
 RUN 1 GENERATION 27  100.0  94.852506  46.612116  20.10325
 RUN 1 GENERATION 28  100.0  94.852506  44.517284  19.676955
 RUN 1 GENERATION 29  100.0  94.852506  42.375373  24.395016
 RUN 2 GENERATION 0  -30.0  57.018586  -3.29866  8.970488
 RUN 2 GENERATION 1  -30.0  57.018586  6.348733  15.06602
 RUN 2 GENERATION 2  -30.0  57.018586  23.820812  16.032084
 RUN 2 GENERATION 3  -20.0  66.176954  30.374107  14.942649
 RUN 2 GENERATION 4  -20.0  66.176954  36.402154  11.437039
 RUN 2 GENERATION 5  -20.0  66.176954  37.908649  11.203834
 RUN 2 GENERATION 6  -20.0  66.176954  40.691343  11.450978
 RUN 2 GENERATION 7  -20.0  66.176954  40.458302  15.139458
 RUN 2 GENERATION 8  -20.0  66.176954  39.554948  16.822504
 RUN 2 GENERATION 9  -20.0  66.176954  38.865886  17.167303
 RUN 2 GENERATION 10  -20.0  66.176954  41.015064  18.253558
 RUN 2 GENERATION 11  -20.0  66.176954  42.062262  16.15099
 RUN 2 GENERATION 12  -20.0  66.176954  44.86012  15.449965
 RUN 2 GENERATION 13  -20.0  66.176954  39.24065  18.605873
 RUN 2 GENERATION 14  -20.0  66.176954  42.329153  14.850401
 RUN 2 GENERATION 15  -20.0  66.176954  41.691579  15.209475
 RUN 2 GENERATION 16  -20.0  66.176954  42.416486  15.3669
 RUN 2 GENERATION 17  -20.0  66.176954  41.597586  13.811871
 RUN 2 GENERATION 18  -20.0  66.176954  40.639721  17.369635
 RUN 2 GENERATION 19  -20.0  66.176954  41.252867  17.275639
 RUN 2 GENERATION 20  -20.0  66.176954  40.374258  18.273324
 RUN 2 GENERATION 21  -20.0  66.244258  41.378823  17.450235
 RUN 2 GENERATION 22  -20.0  66.244258  43.587016  15.794568
 RUN 2 GENERATION 23  -20.0  66.244258  42.175688  17.327152
 RUN 2 GENERATION 24  -20.0  66.244258  39.749344  17.095796
 RUN 2 GENERATION 25  -20.0  66.244258  41.363233  15.867086
 RUN 2 GENERATION 26  -20.0  66.244258  41.181135  16.614184
 RUN 2 GENERATION 27  -20.0  66.244258  40.212234  16.422122
 RUN 2 GENERATION 28  -20.0  66.244258  42.985873  16.830856
 RUN 2 GENERATION 29  -20.0  66.244258  39.218994  18.357223
 RUN 3 GENERATION 0  -50.0  39.013548  -1.97964  9.444914
 RUN 3 GENERATION 1  -40.0  48.091917  19.38038  16.269235
 RUN 3 GENERATION 2  -30.0  57.018586  39.19391  10.130331
 RUN 3 GENERATION 3  -30.0  57.176954  42.952884  15.659471
 RUN 3 GENERATION 4  -20.0  65.978977  42.413964  13.065647
 RUN 3 GENERATION 5  -20.0  65.978977  40.584847  16.439153
 RUN 3 GENERATION 6  -20.0  65.978977  37.892003  19.62321
 RUN 3 GENERATION 7  -20.0  66.021114  41.823139  17.066481
 RUN 3 GENERATION 8  -20.0  66.021114  42.439648  16.310945
 RUN 3 GENERATION 9  -20.0  66.033853  36.393682  21.685746
 RUN 3 GENERATION 10  -20.0  66.073074  37.465607  21.336611
 RUN 3 GENERATION 11  -20.0  66.073074  37.946882  22.014525
 RUN 3 GENERATION 12  -10.0  74.993647  41.189854  21.319373
 RUN 3 GENERATION 13  -10.0  74.993647  42.155315  21.924389
 RUN 3 GENERATION 14  -10.0  75.073074  40.320479  24.64566
 RUN 3 GENERATION 15  -10.0  75.073074  37.89039  24.405828
 RUN 3 GENERATION 16  -10.0  75.125069  40.704555  22.862944
 RUN 3 GENERATION 17  -10.0  75.125069  43.299713  21.199159
 RUN 3 GENERATION 18  -10.0  75.125069  37.311482  23.191369
 RUN 3 GENERATION 19  -10.0  75.125069  39.701343  16.9704
 RUN 3 GENERATION 20  10.0  84.971721  40.891845  19.130125
 RUN 3 GENERATION 21  10.0  85.02619  41.613844  18.68649
 RUN 3 GENERATION 22  10.0  85.02619  40.144524  20.8205
 RUN 3 GENERATION 23  10.0  85.02619  38.793365  19.526314
 RUN 3 GENERATION 24  10.0  85.02619  43.132377  20.555739
 RUN 3 GENERATION 25  10.0  85.02619  41.413285  21.232109
 RUN 3 GENERATION 26  10.0  85.02619  43.180931  20.315212
 RUN 3 GENERATION 27  10.0  85.02619  42.260615  21.197084
 RUN 3 GENERATION 28  38.0  87.930703  44.37801  21.25382
 RUN 3 GENERATION 29  44.0  88.527882  42.835743  24.062974
 RUN 4 GENERATION 0  -10.0  74.456088  -1.401087  12.894251
 RUN 4 GENERATION 1  -10.0  74.456088  11.248704  20.85413
 RUN 4 GENERATION 2  -10.0  75.2699  34.5047  14.995805
 RUN 4 GENERATION 3  -10.0  75.2699  36.466557  12.418908
 RUN 4 GENERATION 4  -10.0  75.2699  40.126211  8.680843
 RUN 4 GENERATION 5  -10.0  75.2699  42.163048  9.181552
 RUN 4 GENERATION 6  100.0  94.852506  39.873153  14.225167
 RUN 4 GENERATION 7  100.0  94.852506  40.528068  11.088665
 RUN 4 GENERATION 8  100.0  94.852506  41.71699  13.798838
 RUN 4 GENERATION 9  100.0  94.852506  42.874429  18.789075
 RUN 4 GENERATION 10  100.0  94.852506  48.606985  25.001584
 RUN 4 GENERATION 11  100.0  94.918596  45.892573  23.676284
 RUN 4 GENERATION 12  100.0  94.918596  49.791697  23.939417
 RUN 4 GENERATION 13  100.0  94.918596  45.601321  22.740461
 RUN 4 GENERATION 14  100.0  94.918596  48.644446  22.506312
 RUN 4 GENERATION 15  100.0  94.918596  52.480614  22.679639
 RUN 4 GENERATION 16  100.0  94.918596  48.649119  23.244625
 RUN 4 GENERATION 17  100.0  94.918596  49.707758  25.306053
 RUN 4 GENERATION 18  100.0  94.918596  49.730094  22.383866
 RUN 4 GENERATION 19  100.0  94.918596  51.449408  24.863074
 RUN 4 GENERATION 20  100.0  94.918596  47.258456  23.636041
 RUN 4 GENERATION 21  100.0  94.918596  53.619338  23.924265
 RUN 4 GENERATION 22  100.0  94.918596  50.040143  22.738206
 RUN 4 GENERATION 23  100.0  94.918596  44.847617  23.216396
 RUN 4 GENERATION 24  100.0  94.918596  46.119213  24.443576
 RUN 4 GENERATION 25  100.0  94.918596  46.963038  24.089134
 RUN 4 GENERATION 26  100.0  94.918596  53.292278  25.102536
 RUN 4 GENERATION 27  100.0  94.918596  49.446401  24.66155
 RUN 4 GENERATION 28  100.0  94.918596  50.458765  25.691219
 RUN 4 GENERATION 29  100.0  94.918596  46.056773  24.218872
 RUN 5 GENERATION 0  -50.0  39.070411  -3.303038  8.904123
 RUN 5 GENERATION 1  -30.0  57.197882  18.463711  19.843288
 RUN 5 GENERATION 2  -30.0  57.197882  34.914521  10.793723
 RUN 5 GENERATION 3  -30.0  57.197882  36.28654  9.191406
 RUN 5 GENERATION 4  -30.0  57.197882  37.493668  9.026786
 RUN 5 GENERATION 5  -30.0  57.197882  37.626725  8.59464
 RUN 5 GENERATION 6  -20.0  66.194865  36.193272  12.460909
 RUN 5 GENERATION 7  -20.0  66.194865  37.399648  9.768207
 RUN 5 GENERATION 8  -10.0  75.197882  37.673573  12.054773
 RUN 5 GENERATION 9  100.0  94.785064  39.369277  11.983859
 RUN 5 GENERATION 10  100.0  94.785064  39.552153  18.529632
 RUN 5 GENERATION 11  100.0  94.785064  43.003186  19.793705
 RUN 5 GENERATION 12  100.0  94.918596  46.33545  23.960149
 RUN 5 GENERATION 13  100.0  94.918596  51.092455  25.614637
 RUN 5 GENERATION 14  100.0  94.918596  47.920566  21.554975
 RUN 5 GENERATION 15  100.0  94.918596  50.750586  24.70225
 RUN 5 GENERATION 16  100.0  94.918596  49.487355  23.126114
 RUN 5 GENERATION 17  100.0  94.918596  48.533843  24.118491
 RUN 5 GENERATION 18  100.0  94.918596  54.320726  22.992794
 RUN 5 GENERATION 19  100.0  94.918596  53.886568  22.24506
 RUN 5 GENERATION 20  100.0  94.918596  54.991213  23.808782
 RUN 5 GENERATION 21  100.0  94.918596  52.783445  22.356507
 RUN 5 GENERATION 22  100.0  94.918596  53.277681  22.972234
 RUN 5 GENERATION 23  100.0  94.918596  50.968918  20.880642
 RUN 5 GENERATION 24  100.0  94.918596  50.818966  20.936265
 RUN 5 GENERATION 25  100.0  94.918596  53.440865  25.737679
 RUN 5 GENERATION 26  100.0  94.918596  49.05019  24.592157
 RUN 5 GENERATION 27  100.0  94.918596  45.253364  22.162684
 RUN 5 GENERATION 28  100.0  94.918596  46.633432  24.560291
 RUN 5 GENERATION 29  100.0  94.918596  52.559583  24.096952
 RUN 6 GENERATION 0  -40.0  48.013548  -2.642331  9.863155
 RUN 6 GENERATION 1  -40.0  48.013548  10.686724  17.803799
 RUN 6 GENERATION 2  -30.0  57.2699  34.595871  11.428313
 RUN 6 GENERATION 3  -30.0  57.2699  37.767114  10.163196
 RUN 6 GENERATION 4  -20.0  66.2699  36.8474  11.874392
 RUN 6 GENERATION 5  -20.0  66.2699  37.325007  11.330378
 RUN 6 GENERATION 6  -20.0  66.2699  37.891382  9.800329
 RUN 6 GENERATION 7  -20.0  66.2699  36.641587  13.751278
 RUN 6 GENERATION 8  -20.0  66.2699  39.78004  12.392433
 RUN 6 GENERATION 9  -20.0  66.2699  35.447717  13.768759
 RUN 6 GENERATION 10  -20.0  66.2699  36.196085  14.271966
 RUN 6 GENERATION 11  -20.0  66.2699  42.483038  14.379799
 RUN 6 GENERATION 12  -20.0  66.2699  38.988401  13.968052
 RUN 6 GENERATION 13  -20.0  66.2699  38.630267  14.333899
 RUN 6 GENERATION 14  -20.0  66.2699  40.162707  13.912117
 RUN 6 GENERATION 15  -20.0  66.2699  38.708087  13.276381
 RUN 6 GENERATION 16  -20.0  66.2699  39.441241  13.764753
 RUN 6 GENERATION 17  -20.0  66.2699  37.720973  12.209676
 RUN 6 GENERATION 18  -20.0  66.2699  39.892608  15.39311
 RUN 6 GENERATION 19  -20.0  66.2699  41.146891  13.369565
 RUN 6 GENERATION 20  -20.0  66.2699  38.188809  13.916353
 RUN 6 GENERATION 21  -20.0  66.2699  40.779871  13.293265
 RUN 6 GENERATION 22  -20.0  66.2699  36.917439  12.891861
 RUN 6 GENERATION 23  -20.0  66.2699  39.439339  12.470748
 RUN 6 GENERATION 24  -20.0  66.2699  41.964545  14.201483
 RUN 6 GENERATION 25  -20.0  66.2699  43.848748  12.570523
 RUN 6 GENERATION 26  -20.0  66.2699  39.891955  13.605725
 RUN 6 GENERATION 27  -20.0  66.2699  44.392293  13.060155
 RUN 6 GENERATION 28  -20.0  66.2699  41.780638  13.595459
 RUN 6 GENERATION 29  -20.0  66.2699  42.502162  13.740115
 RUN 7 GENERATION 0  -50.0  39.013548  -3.633746  7.214383
 RUN 7 GENERATION 1  -40.0  48.174  6.544887  15.341605
 RUN 7 GENERATION 2  100.0  94.918596  32.84462  10.927909
 RUN 7 GENERATION 3  100.0  94.918596  39.328543  10.821797
 RUN 7 GENERATION 4  100.0  94.918596  44.883365  16.121989
 RUN 7 GENERATION 5  100.0  94.918596  56.339477  19.199035
 RUN 7 GENERATION 6  100.0  94.918596  66.17876  21.298666
 RUN 7 GENERATION 7  100.0  94.918596  68.132601  20.990148
 RUN 7 GENERATION 8  100.0  94.918596  68.711046  20.995812
 RUN 7 GENERATION 9  100.0  94.918596  68.641408  22.48963
 RUN 7 GENERATION 10  100.0  94.918596  67.500855  21.592686
 RUN 7 GENERATION 11  100.0  94.918596  62.944421  24.036094
 RUN 7 GENERATION 12  100.0  94.918596  68.297374  23.257999
 RUN 7 GENERATION 13  100.0  94.918596  66.821654  21.426856
 RUN 7 GENERATION 14  100.0  94.918596  66.26385  21.076943
 RUN 7 GENERATION 15  100.0  94.918596  67.19409  20.780455
 RUN 7 GENERATION 16  100.0  94.918596  71.91138  22.485082
 RUN 7 GENERATION 17  100.0  94.918596  68.263281  22.615984
 RUN 7 GENERATION 18  100.0  94.918596  66.433581  20.294827
 RUN 7 GENERATION 19  100.0  94.918596  65.049463  23.772045
 RUN 7 GENERATION 20  100.0  94.918596  69.929499  22.427657
 RUN 7 GENERATION 21  100.0  94.918596  66.914792  22.553188
 RUN 7 GENERATION 22  100.0  94.918596  71.019943  20.637685
 RUN 7 GENERATION 23  100.0  94.918596  68.29402  21.368105
 RUN 7 GENERATION 24  100.0  94.918596  71.667228  21.025663
 RUN 7 GENERATION 25  100.0  94.918596  75.854099  20.116353
 RUN 7 GENERATION 26  100.0  94.918596  72.47985  20.425222
 RUN 7 GENERATION 27  100.0  94.918596  73.615651  20.732722
 RUN 7 GENERATION 28  100.0  94.918596  72.459899  20.096715
 RUN 7 GENERATION 29  100.0  94.918596  75.359908  21.528865
 RUN 8 GENERATION 0  -60.0  29.583268  -3.440483  7.477506
 RUN 8 GENERATION 1  -50.0  39.179917  5.499344  15.232153
 RUN 8 GENERATION 2  -30.0  57.018586  27.295507  11.430256
 RUN 8 GENERATION 3  -30.0  57.174  40.771907  9.201942
 RUN 8 GENERATION 4  -30.0  57.174  43.999846  15.552323
 RUN 8 GENERATION 5  -30.0  57.174  47.694816  12.99771
 RUN 8 GENERATION 6  -30.0  57.174  50.203356  13.705275
 RUN 8 GENERATION 7  -30.0  57.174  44.719284  17.492953
 RUN 8 GENERATION 8  -30.0  57.174  46.821066  16.200086
 RUN 8 GENERATION 9  -30.0  57.174  48.497682  15.189937
 RUN 8 GENERATION 10  -30.0  57.174  46.253521  15.453773
 RUN 8 GENERATION 11  -30.0  57.174  47.774297  13.955786
 RUN 8 GENERATION 12  -30.0  57.174  48.669717  13.189314
 RUN 8 GENERATION 13  -30.0  57.174  47.403572  14.318882
 RUN 8 GENERATION 14  -30.0  57.174  51.535878  9.832498
 RUN 8 GENERATION 15  -30.0  57.174  47.9466  14.806619
 RUN 8 GENERATION 16  -30.0  57.174  47.874548  16.32652
 RUN 8 GENERATION 17  -30.0  57.174  47.140555  14.911341
 RUN 8 GENERATION 18  -30.0  57.174  49.296526  12.666533
 RUN 8 GENERATION 19  -30.0  57.174  47.861421  14.675605
 RUN 8 GENERATION 20  -30.0  57.174  50.189379  10.068072
 RUN 8 GENERATION 21  -20.0  66.176954  47.765807  14.93446
 RUN 8 GENERATION 22  -20.0  66.176954  46.073678  15.320114
 RUN 8 GENERATION 23  -20.0  66.176954  50.827422  11.369207
 RUN 8 GENERATION 24  -20.0  66.176954  50.902895  9.918123
 RUN 8 GENERATION 25  -20.0  66.176954  49.384779  11.288914
 RUN 8 GENERATION 26  -20.0  66.176954  48.772711  13.109199
 RUN 8 GENERATION 27  -20.0  66.176954  48.749805  11.689098
 RUN 8 GENERATION 28  -20.0  66.176954  51.175022  11.305963
 RUN 8 GENERATION 29  -20.0  66.176954  48.032725  12.876578
 RUN 9 GENERATION 0  -50.0  39.013548  -2.6719  8.995338
 RUN 9 GENERATION 1  -50.0  39.013548  10.570011  15.646638
 RUN 9 GENERATION 2  -20.0  66.016064  27.744672  12.882657
 RUN 9 GENERATION 3  -20.0  66.016064  37.950326  6.237209
 RUN 9 GENERATION 4  -20.0  66.197882  38.406215  9.597731
 RUN 9 GENERATION 5  -10.0  75.044163  36.830521  13.379842
 RUN 9 GENERATION 6  100.0  94.918596  41.928738  20.688204
 RUN 9 GENERATION 7  100.0  94.918596  48.154909  22.817605
 RUN 9 GENERATION 8  100.0  94.918596  54.851305  21.283464
 RUN 9 GENERATION 9  100.0  94.918596  56.222528  22.506244
 RUN 9 GENERATION 10  100.0  94.918596  52.759942  23.841813
 RUN 9 GENERATION 11  100.0  94.918596  48.431227  20.945765
 RUN 9 GENERATION 12  100.0  94.918596  55.25901  23.24485
 RUN 9 GENERATION 13  100.0  94.918596  54.576341  22.837772
 RUN 9 GENERATION 14  100.0  94.918596  53.302524  21.785488
 RUN 9 GENERATION 15  100.0  94.918596  55.228942  21.548753
 RUN 9 GENERATION 16  100.0  94.918596  55.932881  24.230296
 RUN 9 GENERATION 17  100.0  94.918596  52.845422  25.843358
 RUN 9 GENERATION 18  100.0  94.918596  55.60496  22.985086
 RUN 9 GENERATION 19  100.0  94.918596  53.299611  24.904851
 RUN 9 GENERATION 20  100.0  94.918596  45.928411  20.716934
 RUN 9 GENERATION 21  100.0  94.918596  49.291155  21.510438
 RUN 9 GENERATION 22  100.0  94.918596  53.445389  23.854404
 RUN 9 GENERATION 23  100.0  94.918596  53.819138  23.386856
 RUN 9 GENERATION 24  100.0  94.918596  52.983407  21.910279
 RUN 9 GENERATION 25  100.0  94.918596  50.382917  24.024026
 RUN 9 GENERATION 26  100.0  94.918596  57.559273  26.223678
 RUN 9 GENERATION 27  100.0  94.918596  55.692394  24.323308
 RUN 9 GENERATION 28  100.0  94.918596  49.203486  22.239195
 RUN 9 GENERATION 29  100.0  94.918596  54.935632  23.433992