
 RUN 0 GENERATION 0  26.8  86.908559  6.232415  23.75293
 RUN 0 GENERATION 1  26.8  86.908559  48.897739  28.436112
 RUN 0 GENERATION 2  26.8  86.908559  66.01103  19.968185
 RUN 0 GENERATION 3  29.8  87.208559  72.291229  9.849891
 RUN 0 GENERATION 4  41.8  88.896796  70.929182  14.851641
 RUN 0 GENERATION 5  43.6  89.056695  76.323428  20.152006
 RUN 0 GENERATION 6  43.6  89.056695  82.263865  16.578574
 RUN 0 GENERATION 7  48.4  89.488142  82.263653  16.853602
 RUN 0 GENERATION 8  49.6  89.666695  85.679909  13.904689
 RUN 0 GENERATION 9  49.6  89.676796  87.266742  8.147817
 RUN 0 GENERATION 10  50.2  89.736796  85.090701  15.597077
 RUN 0 GENERATION 11  50.2  89.736796  83.511985  16.244588
 RUN 0 GENERATION 12  50.2  89.736796  84.065415  15.439627
 RUN 0 GENERATION 13  50.2  89.736796  81.865204  18.364127
 RUN 0 GENERATION 14  50.2  89.736796  86.420175  9.235948
 RUN 0 GENERATION 15  50.2  89.736796  82.732359  17.66583
 RUN 0 GENERATION 16  50.2  89.736796  82.01113  19.531369
 RUN 0 GENERATION 17  50.2  89.736796  83.952977  16.616184
 RUN 0 GENERATION 18  50.2  89.736796  84.321084  14.763589
 RUN 0 GENERATION 19  50.2  89.736796  85.824804  12.690478
 RUN 0 GENERATION 20  50.2  89.736796  84.556755  15.355222
 RUN 0 GENERATION 21  50.2  89.736796  84.900723  12.67658
 RUN 0 GENERATION 22  50.2  89.736796  83.928278  17.006648
 RUN 0 GENERATION 23  50.2  89.736796  80.980598  22.213059
 RUN 0 GENERATION 24  50.2  89.736796  83.963272  15.6098
 RUN 0 GENERATION 25  50.2  89.736796  84.931845  12.417462
 RUN 0 GENERATION 26  50.2  89.736796  85.177846  14.623103
 RUN 0 GENERATION 27  50.2  89.736796  84.330141  15.911672
 RUN 0 GENERATION 28  50.2  89.736796  84.161434  14.233119
 RUN 0 GENERATION 29  50.2  89.736796  83.675247  17.216337
 RUN 1 GENERATION 0  34.0  88.116796  6.994742  26.442884
 RUN 1 GENERATION 1  47.8  89.486695  53.436325  33.922149
 RUN 1 GENERATION 2  47.8  89.486695  77.973431  20.49262
 RUN 1 GENERATION 3  56.8  90.386695  84.097274  14.41991
 RUN 1 GENERATION 4  60.4  90.746695  79.77786  16.335149
 RUN 1 GENERATION 5  60.4  90.746695  77.47296  18.744924
 RUN 1 GENERATION 6  60.4  90.746695  78.201102  15.954547
 RUN 1 GENERATION 7  60.4  90.746695  78.24438  20.157422
 RUN 1 GENERATION 8  60.4  90.746695  72.958507  18.385274
 RUN 1 GENERATION 9  74.2  92.121683  75.952584  20.507154
 RUN 1 GENERATION 10  74.2  92.121683  72.738926  16.000782
 RUN 1 GENERATION 11  74.2  92.126695  78.018673  14.826674
 RUN 1 GENERATION 12  75.4  92.241683  81.637665  14.097999
 RUN 1 GENERATION 13  75.4  92.241683  78.169488  17.567056
 RUN 1 GENERATION 14  78.4  92.492892  79.706329  20.696342
 RUN 1 GENERATION 15  78.4  92.492892  71.97396  30.639557
 RUN 1 GENERATION 16  78.4  92.492892  72.965553  29.910276
 RUN 1 GENERATION 17  82.6  93.269567  71.076284  30.905538
 RUN 1 GENERATION 18  82.6  93.269567  68.721602  29.63453
 RUN 1 GENERATION 19  82.6  93.269567  67.419787  32.355954
 RUN 1 GENERATION 20  83.8  93.382788  71.258851  27.523709
 RUN 1 GENERATION 21  86.2  93.629567  70.175105  30.607257
 RUN 1 GENERATION 22  86.2  93.629567  66.410742  29.566056
 RUN 1 GENERATION 23  86.2  93.629567  65.31926  29.659529
 RUN 1 GENERATION 24  86.2  93.629567  70.24065  31.823549
 RUN 1 GENERATION 25  86.2  93.629567  68.871651  25.51568
 RUN 1 GENERATION 26  86.2  93.629567  64.713143  31.093684
 RUN 1 GENERATION 27  86.2  93.629567  59.588413  32.277802
 RUN 1 GENERATION 28  86.2  93.629567  72.607367  26.374505
 RUN 1 GENERATION 29  86.2  93.629567  73.405554  27.888675
 RUN 2 GENERATION 0  20.2  86.556168  8.803181  26.493768
 RUN 2 GENERATION 1  20.2  86.556168  50.33669  31.012007
 RUN 2 GENERATION 2  20.2  86.556168  72.1641  11.989418
 RUN 2 GENERATION 3  41.8  88.886695  74.810381  8.608604
 RUN 2 GENERATION 4  41.8  88.896796  77.636549  10.865414
 RUN 2 GENERATION 5  50.8  89.796796  80.487869  19.233292
 RUN 2 GENERATION 6  50.8  89.796796  86.247335  10.672733
 RUN 2 GENERATION 7  61.0  90.816796  87.31573  5.232655
 RUN 2 GENERATION 8  61.0  90.816796  85.308357  12.102134
 RUN 2 GENERATION 9  61.0  90.816796  85.733801  11.873672
 RUN 2 GENERATION 10  62.2  90.926695  86.787726  6.766327
 RUN 2 GENERATION 11  65.2  91.236796  84.766861  10.244058
 RUN 2 GENERATION 12  65.2  91.236796  83.345304  17.451504
 RUN 2 GENERATION 13  71.8  91.896796  86.582454  9.358225
 RUN 2 GENERATION 14  71.8  91.896796  83.539339  11.475461
 RUN 2 GENERATION 15  71.8  91.896796  81.970533  19.096022
 RUN 2 GENERATION 16  72.4  91.941683  84.782401  9.825234
 RUN 2 GENERATION 17  73.0  92.001683  84.546814  8.395989
 RUN 2 GENERATION 18  73.0  92.001683  84.69421  13.810219
 RUN 2 GENERATION 19  73.0  92.001683  84.933118  11.714209
 RUN 2 GENERATION 20  73.0  92.001683  84.506764  9.906138
 RUN 2 GENERATION 21  73.0  92.001683  83.561332  13.813244
 RUN 2 GENERATION 22  73.0  92.001683  84.263292  9.545723
 RUN 2 GENERATION 23  73.0  92.001683  83.212996  12.907178
 RUN 2 GENERATION 24  73.0  92.001683  86.965386  6.716084
 RUN 2 GENERATION 25  73.0  92.001683  83.56226  12.120593
 RUN 2 GENERATION 26  73.0  92.001683  85.563511  11.391436
 RUN 2 GENERATION 27  73.0  92.006695  84.296265  12.305836
 RUN 2 GENERATION 28  73.0  92.006695  85.249583  7.732191
 RUN 2 GENERATION 29  73.6  92.061683  84.755085  12.286786
 RUN 3 GENERATION 0  13.0  85.892828  8.781994  26.296816
 RUN 3 GENERATION 1  44.8  89.166794  53.910117  26.786343
 RUN 3 GENERATION 2  44.8  89.166794  72.64072  17.417894
 RUN 3 GENERATION 3  44.8  89.166794  81.532423  15.386233
 RUN 3 GENERATION 4  46.0  89.291732  84.929003  14.481446
 RUN 3 GENERATION 5  46.0  89.291732  85.693712  11.437485
 RUN 3 GENERATION 6  46.0  89.291732  86.173416  11.222893
 RUN 3 GENERATION 7  46.0  89.291732  86.874936  6.953819
 RUN 3 GENERATION 8  46.0  89.316796  87.316718  5.969241
 RUN 3 GENERATION 9  46.6  89.356695  85.322577  10.086864
 RUN 3 GENERATION 10  50.2  89.731733  87.064195  5.52076
 RUN 3 GENERATION 11  50.2  89.731733  85.921473  14.124145
 RUN 3 GENERATION 12  50.8  89.791733  86.714944  8.706787
 RUN 3 GENERATION 13  50.8  89.791733  86.919048  10.601217
 RUN 3 GENERATION 14  52.6  89.971733  86.18823  7.613772
 RUN 3 GENERATION 15  52.6  89.976796  87.138543  7.220292
 RUN 3 GENERATION 16  56.8  90.391733  87.27507  6.576455
 RUN 3 GENERATION 17  56.8  90.391733  87.66939  4.836741
 RUN 3 GENERATION 18  61.0  90.811733  86.198742  7.227379
 RUN 3 GENERATION 19  61.0  90.811733  84.831005  10.036941
 RUN 3 GENERATION 20  61.0  90.811733  84.156811  13.091287
 RUN 3 GENERATION 21  61.0  90.811733  84.963776  11.102177
 RUN 3 GENERATION 22  61.0  90.811733  84.556949  10.932986
 RUN 3 GENERATION 23  62.2  90.868142  86.92162  7.430318
 RUN 3 GENERATION 24  62.8  90.981683  87.504554  6.860598
 RUN 3 GENERATION 25  63.4  91.051733  84.131107  12.829754
 RUN 3 GENERATION 26  64.0  91.106695  85.744775  8.757082
 RUN 3 GENERATION 27  64.0  91.106695  84.116199  9.683956
 RUN 3 GENERATION 28  65.2  91.226695  85.555311  9.968522
 RUN 3 GENERATION 29  65.2  91.226695  83.791712  12.031947
 RUN 4 GENERATION 0  43.6  89.056695  3.86381  22.636603
 RUN 4 GENERATION 1  43.6  89.056695  45.00312  31.188022
 RUN 4 GENERATION 2  43.6  89.056695  68.373446  12.179998
 RUN 4 GENERATION 3  43.6  89.056695  73.863816  6.178556
 RUN 4 GENERATION 4  43.6  89.056695  73.954315  7.634648
 RUN 4 GENERATION 5  43.6  89.056695  75.700103  9.108519
 RUN 4 GENERATION 6  43.6  89.061683  74.846395  10.808115
 RUN 4 GENERATION 7  43.6  89.066695  80.769705  11.325148
 RUN 4 GENERATION 8  43.6  89.066695  85.209707  11.858553
 RUN 4 GENERATION 9  43.6  89.066695  86.610297  9.082217
 RUN 4 GENERATION 10  43.6  89.066695  84.63714  15.186296
 RUN 4 GENERATION 11  43.6  89.066695  84.511405  16.681276
 RUN 4 GENERATION 12  43.6  89.066695  87.194356  5.68645
 RUN 4 GENERATION 13  43.6  89.066695  88.095579  4.153814
 RUN 4 GENERATION 14  43.6  89.066695  85.221638  12.557425
 RUN 4 GENERATION 15  43.6  89.066695  86.22425  7.356831
 RUN 4 GENERATION 16  43.6  89.066695  86.050451  12.89653
 RUN 4 GENERATION 17  43.6  89.066695  86.144164  11.125051
 RUN 4 GENERATION 18  43.6  89.066695  85.61532  11.657937
 RUN 4 GENERATION 19  43.6  89.066695  85.486791  15.926073
 RUN 4 GENERATION 20  43.6  89.066695  85.499091  11.661926
 RUN 4 GENERATION 21  43.6  89.066695  84.553641  15.164313
 RUN 4 GENERATION 22  43.6  89.066695  85.452345  13.533068
 RUN 4 GENERATION 23  43.6  89.066695  85.654229  11.639152
 RUN 4 GENERATION 24  43.6  89.066695  85.475206  14.515901
 RUN 4 GENERATION 25  43.6  89.066695  87.46852  6.61671
 RUN 4 GENERATION 26  43.6  89.066695  86.427956  10.592502
 RUN 4 GENERATION 27  43.6  89.066695  86.872778  9.626822
 RUN 4 GENERATION 28  43.6  89.066695  84.214805  14.943869
 RUN 4 GENERATION 29  43.6  89.066695  85.016637  14.841213
 RUN 5 GENERATION 0  47.8  89.423414  6.639983  24.19209
 RUN 5 GENERATION 1  47.8  89.471732  57.692858  23.834391
 RUN 5 GENERATION 2  47.8  89.471732  72.996732  10.373772
 RUN 5 GENERATION 3  50.2  89.654024  74.143763  13.87367
 RUN 5 GENERATION 4  51.4  89.778708  84.239257  8.352459
 RUN 5 GENERATION 5  51.4  89.778708  85.452979  8.363131
 RUN 5 GENERATION 6  51.4  89.778708  84.825934  11.483723
 RUN 5 GENERATION 7  51.4  89.778708  83.902024  16.706395
 RUN 5 GENERATION 8  51.4  89.778708  84.268489  12.829245
 RUN 5 GENERATION 9  51.4  89.778708  85.739598  9.774151
 RUN 5 GENERATION 10  51.4  89.792892  85.322634  11.885024
 RUN 5 GENERATION 11  51.4  89.792892  85.969927  9.876949
 RUN 5 GENERATION 12  51.4  89.792892  84.239892  12.869025
 RUN 5 GENERATION 13  51.4  89.792892  84.174511  11.696102
 RUN 5 GENERATION 14  51.4  89.792892  84.037078  12.247803
 RUN 5 GENERATION 15  51.4  89.792892  85.014145  12.218079
 RUN 5 GENERATION 16  51.4  89.792892  85.060503  11.096818
 RUN 5 GENERATION 17  51.4  89.792892  85.905289  7.045236
 RUN 5 GENERATION 18  51.4  89.792892  84.0101  11.115462
 RUN 5 GENERATION 19  52.0  89.852892  84.08358  10.217
 RUN 5 GENERATION 20  52.0  89.852892  85.706257  10.388062
 RUN 5 GENERATION 21  52.0  89.852892  85.1657  12.346499
 RUN 5 GENERATION 22  52.0  89.852892  86.680324  6.207123
 RUN 5 GENERATION 23  52.0  89.852892  84.939772  12.023091
 RUN 5 GENERATION 24  52.0  89.852892  85.451686  11.532088
 RUN 5 GENERATION 25  52.0  89.852892  85.53227  13.210548
 RUN 5 GENERATION 26  52.0  89.852892  84.502412  9.91477
 RUN 5 GENERATION 27  52.0  89.852892  84.947583  7.408386
 RUN 5 GENERATION 28  52.0  89.852892  86.278574  7.710807
 RUN 5 GENERATION 29  52.0  89.852892  84.131048  13.209982
 RUN 6 GENERATION 0  -10.0  75.273152  3.683378  20.955514
 RUN 6 GENERATION 1  21.4  86.792892  44.787113  30.947798
 RUN 6 GENERATION 2  22.0  86.852892  51.479507  28.74884
 RUN 6 GENERATION 3  37.0  88.352892  63.076264  22.34059
 RUN 6 GENERATION 4  37.0  88.352892  63.296039  23.923476
 RUN 6 GENERATION 5  37.0  88.352892  71.213441  18.070199
 RUN 6 GENERATION 6  40.6  88.712892  72.721556  16.772491
 RUN 6 GENERATION 7  40.6  88.712892  72.05264  18.998645
 RUN 6 GENERATION 8  40.6  88.712892  72.33876  16.011919
 RUN 6 GENERATION 9  40.6  88.712892  75.08108  12.794296
 RUN 6 GENERATION 10  40.6  88.712892  74.134556  14.595183
 RUN 6 GENERATION 11  40.6  88.712892  74.232058  10.556574
 RUN 6 GENERATION 12  40.6  88.712892  76.012572  13.7991
 RUN 6 GENERATION 13  40.6  88.712892  76.069279  11.93792
 RUN 6 GENERATION 14  40.6  88.712892  71.849358  16.237616
 RUN 6 GENERATION 15  40.6  88.712892  73.685942  13.356212
 RUN 6 GENERATION 16  40.6  88.712892  76.02347  13.25904
 RUN 6 GENERATION 17  40.6  88.712892  73.492707  11.964621
 RUN 6 GENERATION 18  40.6  88.712892  72.271677  16.344456
 RUN 6 GENERATION 19  40.6  88.712892  75.322918  11.22274
 RUN 6 GENERATION 20  40.6  88.712892  73.172369  15.443676
 RUN 6 GENERATION 21  40.6  88.712892  74.938099  15.699235
 RUN 6 GENERATION 22  40.6  88.712892  70.350132  17.91834
 RUN 6 GENERATION 23  40.6  88.712892  75.963586  12.953893
 RUN 6 GENERATION 24  40.6  88.712892  75.885151  13.042316
 RUN 6 GENERATION 25  41.8  88.832892  73.418504  14.859011
 RUN 6 GENERATION 26  41.8  88.832892  74.852726  11.561417
 RUN 6 GENERATION 27  41.8  88.832892  74.756445  10.91167
 RUN 6 GENERATION 28  41.8  88.832892  74.125707  12.83784
 RUN 6 GENERATION 29  41.8  88.832892  72.135943  12.89524
 RUN 7 GENERATION 0  42.4  88.892892  3.809059  21.561272
 RUN 7 GENERATION 1  42.4  88.892892  49.85475  27.944094
 RUN 7 GENERATION 2  43.0  88.952892  62.644325  20.86352
 RUN 7 GENERATION 3  43.6  89.051732  75.044594  12.538396
 RUN 7 GENERATION 4  43.6  89.066695  82.414113  14.743727
 RUN 7 GENERATION 5  46.6  89.346794  86.525008  7.747704
 RUN 7 GENERATION 6  46.6  89.346794  87.03905  6.167855
 RUN 7 GENERATION 7  46.6  89.356695  86.083011  7.762108
 RUN 7 GENERATION 8  47.2  89.40188  86.770555  6.258194
 RUN 7 GENERATION 9  47.8  89.486695  86.179204  10.456134
 RUN 7 GENERATION 10  51.4  89.831732  83.745233  13.222265
 RUN 7 GENERATION 11  51.4  89.831732  85.341583  12.076114
 RUN 7 GENERATION 12  64.0  91.096695  83.484816  14.364697
 RUN 7 GENERATION 13  64.0  91.096695  80.069315  18.395144
 RUN 7 GENERATION 14  65.2  91.221683  82.784414  12.83363
 RUN 7 GENERATION 15  67.0  91.406695  83.642472  14.076837
 RUN 7 GENERATION 16  67.0  91.406695  80.213778  15.00909
 RUN 7 GENERATION 17  67.0  91.406695  77.573253  16.121135
 RUN 7 GENERATION 18  67.0  91.406695  76.02013  17.630309
 RUN 7 GENERATION 19  67.0  91.406695  78.71501  15.037191
 RUN 7 GENERATION 20  67.0  91.406695  77.54121  18.985279
 RUN 7 GENERATION 21  67.0  91.406695  76.763829  15.726851
 RUN 7 GENERATION 22  67.0  91.406695  75.474344  17.76674
 RUN 7 GENERATION 23  67.0  91.406695  76.173926  18.882219
 RUN 7 GENERATION 24  67.0  91.406695  78.098654  16.618958
 RUN 7 GENERATION 25  67.0  91.406695  76.547912  18.639572
 RUN 7 GENERATION 26  67.0  91.406695  75.884786  19.453646
 RUN 7 GENERATION 27  67.0  91.406695  78.433225  15.873276
 RUN 7 GENERATION 28  67.0  91.406695  79.660986  15.191428
 RUN 7 GENERATION 29  67.0  91.406695  78.810081  16.962825
 RUN 8 GENERATION 0  -10.0  75.319827  3.270246  20.54883
 RUN 8 GENERATION 1  16.0  86.252892  41.83737  31.819475
 RUN 8 GENERATION 2  87.4  93.729365  69.438161  17.918371
 RUN 8 GENERATION 3  87.4  93.729365  73.64593  15.307515
 RUN 8 GENERATION 4  87.4  93.729365  81.721437  7.244699
 RUN 8 GENERATION 5  87.4  93.729365  77.483766  16.858488
 RUN 8 GENERATION 6  87.4  93.729365  74.750672  16.633725
 RUN 8 GENERATION 7  87.4  93.729365  70.877468  23.720255
 RUN 8 GENERATION 8  91.0  94.089365  68.106227  26.429922
 RUN 8 GENERATION 9  91.0  94.089365  73.178722  24.747411
 RUN 8 GENERATION 10  91.0  94.089365  67.29403  23.539602
 RUN 8 GENERATION 11  91.0  94.089365  67.166599  27.963624
 RUN 8 GENERATION 12  91.0  94.089365  69.996716  28.925442
 RUN 8 GENERATION 13  91.0  94.180019  67.385297  27.269455
 RUN 8 GENERATION 14  91.0  94.180019  68.568617  28.623779
 RUN 8 GENERATION 15  91.0  94.180019  69.752613  26.406688
 RUN 8 GENERATION 16  91.0  94.180019  72.633536  21.302072
 RUN 8 GENERATION 17  91.0  94.180019  63.264296  29.904558
 RUN 8 GENERATION 18  91.0  94.180019  60.593688  29.484844
 RUN 8 GENERATION 19  91.0  94.180019  61.557879  27.136184
 RUN 8 GENERATION 20  91.0  94.180019  61.918782  28.336854
 RUN 8 GENERATION 21  91.0  94.180019  63.659591  29.131462
 RUN 8 GENERATION 22  91.0  94.180019  60.203697  30.033104
 RUN 8 GENERATION 23  91.0  94.180019  59.371202  29.600395
 RUN 8 GENERATION 24  91.0  94.180019  67.66563  26.145947
 RUN 8 GENERATION 25  91.0  94.180019  55.109888  34.088977
 RUN 8 GENERATION 26  91.0  94.180019  65.271446  27.915051
 RUN 8 GENERATION 27  91.0  94.180019  59.554864  30.712703
 RUN 8 GENERATION 28  91.0  94.180019  58.570709  32.583533
 RUN 8 GENERATION 29  91.0  94.180019  63.386628  30.92196
 RUN 9 GENERATION 0  22.0  86.852892  10.07715  27.991828
 RUN 9 GENERATION 1  25.0  87.0839  50.536033  26.858895
 RUN 9 GENERATION 2  61.0  90.729362  67.62927  13.158749
 RUN 9 GENERATION 3  61.0  90.729362  71.681332  14.150038
 RUN 9 GENERATION 4  61.0  90.806695  67.223486  24.872765
 RUN 9 GENERATION 5  62.8  90.991733  72.938944  28.594435
 RUN 9 GENERATION 6  67.6  91.412892  76.181459  27.30719
 RUN 9 GENERATION 7  70.0  91.706695  70.536471  26.672307
 RUN 9 GENERATION 8  70.0  91.706695  67.082402  34.197214
 RUN 9 GENERATION 9  76.6  92.683266  74.690584  28.452705
 RUN 9 GENERATION 10  76.6  92.683266  73.219638  27.161798
 RUN 9 GENERATION 11  76.6  92.683266  71.071197  31.544361
 RUN 9 GENERATION 12  76.6  92.683266  72.066645  28.154428
 RUN 9 GENERATION 13  76.6  92.683266  74.364881  26.879372
 RUN 9 GENERATION 14  76.6  92.683266  71.189671  31.377052
 RUN 9 GENERATION 15  89.2  93.943266  71.918656  29.997783
 RUN 9 GENERATION 16  89.2  93.943266  75.845964  26.263466
 RUN 9 GENERATION 17  89.2  93.943266  75.17381  27.849789
 RUN 9 GENERATION 18  89.2  93.943266  62.275842  34.905838
 RUN 9 GENERATION 19  89.2  93.943266  77.667926  25.250823
 RUN 9 GENERATION 20  89.2  93.943266  70.365543  31.615513
 RUN 9 GENERATION 21  89.2  93.943266  65.967515  33.134216
 RUN 9 GENERATION 22  89.2  93.943266  67.452555  32.424571
 RUN 9 GENERATION 23  89.2  93.943266  72.44973  27.55116
 RUN 9 GENERATION 24  89.2  93.943266  71.013126  31.567874
 RUN 9 GENERATION 25  88.6  93.96216  76.769554  24.299303
 RUN 9 GENERATION 26  89.2  94.037198  74.512106  26.928372
 RUN 9 GENERATION 27  90.4  94.063266  73.576528  27.199696
 RUN 9 GENERATION 28  89.8  94.089651  72.748969  25.978528
 RUN 9 GENERATION 29  89.8  94.089651  74.500203  25.993492