
 RUN 0 GENERATION 0  -50.0  39.013548  -3.904691  7.279569
 RUN 0 GENERATION 1  -50.0  39.013548  1.051654  12.998545
 RUN 0 GENERATION 2  100.0  94.900134  27.640997  22.023286
 RUN 0 GENERATION 3  100.0  94.900134  35.886525  17.452082
 RUN 0 GENERATION 4  100.0  94.900134  39.568694  16.250408
 RUN 0 GENERATION 5  100.0  94.900134  38.198598  24.387385
 RUN 0 GENERATION 6  100.0  94.900134  45.222147  26.290853
 RUN 0 GENERATION 7  100.0  94.900134  47.914138  27.970552
 RUN 0 GENERATION 8  100.0  94.900134  45.702029  28.916897
 RUN 0 GENERATION 9  100.0  94.900134  44.505875  31.796543
 RUN 0 GENERATION 10  100.0  94.900134  45.996674  31.003347
 RUN 0 GENERATION 11  100.0  94.900134  46.691468  31.800872
 RUN 0 GENERATION 12  100.0  94.900134  40.988098  34.760211
 RUN 0 GENERATION 13  100.0  94.900134  42.805568  29.839438
 RUN 0 GENERATION 14  100.0  94.900134  45.001265  33.143225
 RUN 0 GENERATION 15  100.0  94.900134  35.409266  32.40364
 RUN 0 GENERATION 16  100.0  94.90625  46.404831  32.894631
 RUN 0 GENERATION 17  100.0  94.90625  43.863734  32.920458
 RUN 0 GENERATION 18  100.0  94.90625  38.367708  32.615066
 RUN 0 GENERATION 19  100.0  94.90625  46.666618  34.17142
 RUN 0 GENERATION 20  100.0  94.90625  43.541181  31.263845
 RUN 0 GENERATION 21  100.0  94.90625  44.054596  33.845704
 RUN 0 GENERATION 22  100.0  94.90625  46.174856  32.688016
 RUN 0 GENERATION 23  100.0  94.90625  44.913203  34.884207
 RUN 0 GENERATION 24  100.0  94.90625  47.184846  33.832456
 RUN 0 GENERATION 25  100.0  94.90625  40.948455  35.741815
 RUN 0 GENERATION 26  100.0  94.90625  41.307257  34.959919
 RUN 0 GENERATION 27  100.0  94.90625  34.269996  34.335284
 RUN 0 GENERATION 28  100.0  94.90625  40.964036  34.618521
 RUN 0 GENERATION 29  100.0  94.90625  42.279396  32.244617
 RUN 1 GENERATION 0  -50.0  39.116678  -2.646709  8.952269
 RUN 1 GENERATION 1  -40.0  48.013548  9.968711  14.803583
 RUN 1 GENERATION 2  100.0  94.918596  28.566945  15.562028
 RUN 1 GENERATION 3  100.0  94.918596  34.332022  16.71343
 RUN 1 GENERATION 4  100.0  94.918596  37.801785  18.263803
 RUN 1 GENERATION 5  100.0  94.918596  41.172534  19.794126
 RUN 1 GENERATION 6  100.0  94.918596  42.232091  23.91096
 RUN 1 GENERATION 7  100.0  94.918596  43.77161  23.236924
 RUN 1 GENERATION 8  100.0  94.918596  39.448224  14.961619
 RUN 1 GENERATION 9  100.0  94.918596  48.290257  22.503195
 RUN 1 GENERATION 10  100.0  94.918596  44.70338  22.075156
 RUN 1 GENERATION 11  100.0  94.918596  46.033248  22.007905
 RUN 1 GENERATION 12  100.0  94.918596  45.185372  21.947138
 RUN 1 GENERATION 13  100.0  94.918596  44.792628  24.736111
 RUN 1 GENERATION 14  100.0  94.918596  47.436513  20.869037
 RUN 1 GENERATION 15  100.0  94.918596  45.856329  21.678056
 RUN 1 GENERATION 16  100.0  94.918596  45.559702  21.808074
 RUN 1 GENERATION 17  100.0  94.918596  50.239549  23.272297
 RUN 1 GENERATION 18  100.0  94.918596  46.46954  22.050335
 RUN 1 GENERATION 19  100.0  94.918596  49.6785  24.365794
 RUN 1 GENERATION 20  100.0  94.918596  44.567859  21.673707
 RUN 1 GENERATION 21  100.0  94.918596  46.612367  21.42913
 RUN 1 GENERATION 22  100.0  94.918596  50.534319  24.669831
 RUN 1 GENERATION 23  100.0  94.918596  51.683615  22.10033
 RUN 1 GENERATION 24  100.0  94.918596  49.553326  24.825151
 RUN 1 GENERATION 25  100.0  94.918596  44.755158  19.867233
 RUN 1 GENERATION 26  100.0  94.918596  46.440671  22.335922
 RUN 1 GENERATION 27  100.0  94.918596  49.046402  25.290404
 RUN 1 GENERATION 28  100.0  94.918596  47.740433  21.957477
 RUN 1 GENERATION 29  100.0  94.918596  47.875936  21.261487
 RUN 2 GENERATION 0  -50.0  39.174  -2.720767  9.201519
 RUN 2 GENERATION 1  -50.0  39.179917  9.395435  16.86167
 RUN 2 GENERATION 2  -40.0  48.156456  33.712959  10.542599
 RUN 2 GENERATION 3  -10.0  75.2699  34.387036  10.403056
 RUN 2 GENERATION 4  -10.0  75.2699  34.703157  12.45195
 RUN 2 GENERATION 5  -10.0  75.2699  35.781519  12.951961
 RUN 2 GENERATION 6  100.0  94.852506  37.359364  16.266158
 RUN 2 GENERATION 7  100.0  94.852506  41.102365  19.493337
 RUN 2 GENERATION 8  100.0  94.852506  40.731389  19.12075
 RUN 2 GENERATION 9  100.0  94.852506  40.471173  20.146765
 RUN 2 GENERATION 10  100.0  94.852506  44.101518  21.153951
 RUN 2 GENERATION 11  100.0  94.852506  40.815121  19.829328
 RUN 2 GENERATION 12  100.0  94.852506  42.404466  22.421584
 RUN 2 GENERATION 13  100.0  94.852506  41.080474  23.455486
 RUN 2 GENERATION 14  100.0  94.918596  42.762373  22.356276
 RUN 2 GENERATION 15  100.0  94.918596  44.757818  26.304454
 RUN 2 GENERATION 16  100.0  94.918596  42.578833  21.495591
 RUN 2 GENERATION 17  100.0  94.918596  46.630808  24.41657
 RUN 2 GENERATION 18  100.0  94.918596  46.964606  23.679641
 RUN 2 GENERATION 19  100.0  94.918596  45.967386  24.890385
 RUN 2 GENERATION 20  100.0  94.918596  47.906322  23.851738
 RUN 2 GENERATION 21  100.0  94.918596  47.990062  25.203148
 RUN 2 GENERATION 22  100.0  94.918596  52.254676  24.339545
 RUN 2 GENERATION 23  100.0  94.918596  46.057149  24.618598
 RUN 2 GENERATION 24  100.0  94.918596  45.234857  22.340623
 RUN 2 GENERATION 25  100.0  94.918596  46.74253  22.667073
 RUN 2 GENERATION 26  100.0  94.918596  44.9309  22.029006
 RUN 2 GENERATION 27  100.0  94.918596  46.58543  25.071282
 RUN 2 GENERATION 28  100.0  94.918596  47.955819  25.130636
 RUN 2 GENERATION 29  100.0  94.918596  39.824993  20.561036
 RUN 3 GENERATION 0  -40.0  48.013548  -1.567046  12.267237
 RUN 3 GENERATION 1  -20.0  66.013548  15.68358  20.629678
 RUN 3 GENERATION 2  -20.0  66.013548  36.043995  12.920282
 RUN 3 GENERATION 3  -20.0  66.013548  39.106328  9.323616
 RUN 3 GENERATION 4  -20.0  66.013548  40.725604  9.806112
 RUN 3 GENERATION 5  -20.0  66.013548  44.966836  10.430593
 RUN 3 GENERATION 6  -20.0  66.013548  44.422174  13.561524
 RUN 3 GENERATION 7  -20.0  66.013548  45.243831  15.598053
 RUN 3 GENERATION 8  -10.0  75.018586  45.326969  15.488471
 RUN 3 GENERATION 9  -10.0  75.018586  47.742669  16.411723
 RUN 3 GENERATION 10  -10.0  75.018586  48.115067  17.495253
 RUN 3 GENERATION 11  -10.0  75.018586  46.31404  20.715898
 RUN 3 GENERATION 12  -10.0  75.018586  48.386028  16.959388
 RUN 3 GENERATION 13  -10.0  75.018586  49.55451  16.027031
 RUN 3 GENERATION 14  8.0  84.828738  50.10158  18.470662
 RUN 3 GENERATION 15  8.0  84.828738  46.769958  19.641251
 RUN 3 GENERATION 16  8.0  84.828738  45.148687  19.335146
 RUN 3 GENERATION 17  100.0  94.790514  47.600733  19.484218
 RUN 3 GENERATION 18  100.0  94.900134  47.34519  18.398401
 RUN 3 GENERATION 19  100.0  94.900134  38.062916  25.141029
 RUN 3 GENERATION 20  100.0  94.900134  39.500922  21.814669
 RUN 3 GENERATION 21  100.0  94.900134  37.58192  27.135557
 RUN 3 GENERATION 22  100.0  94.900134  36.277585  26.671739
 RUN 3 GENERATION 23  100.0  94.900134  33.178432  32.170452
 RUN 3 GENERATION 24  100.0  94.900134  38.482213  36.086191
 RUN 3 GENERATION 25  100.0  94.900134  38.971755  36.88086
 RUN 3 GENERATION 26  100.0  94.900134  34.910917  31.951178
 RUN 3 GENERATION 27  100.0  94.900134  40.640791  32.639897
 RUN 3 GENERATION 28  100.0  94.900134  35.260215  34.604123
 RUN 3 GENERATION 29  100.0  94.900134  40.630354  35.446305
 RUN 4 GENERATION 0  -20.0  66.260207  -1.144151  13.83474
 RUN 4 GENERATION 1  -10.0  75.013548  10.293696  21.162057
 RUN 4 GENERATION 2  -10.0  75.013548  34.746676  15.121891
 RUN 4 GENERATION 3  -10.0  75.013548  34.593711  15.64759
 RUN 4 GENERATION 4  -10.0  75.122264  40.823656  11.98592
 RUN 4 GENERATION 5  -10.0  75.179917  39.938727  14.471166
 RUN 4 GENERATION 6  -10.0  75.179917  40.039524  14.967974
 RUN 4 GENERATION 7  -10.0  75.179917  39.504466  12.643652
 RUN 4 GENERATION 8  100.0  94.900134  41.962402  14.804842
 RUN 4 GENERATION 9  100.0  94.900134  40.150721  17.890369
 RUN 4 GENERATION 10  100.0  94.900134  44.36677  18.84386
 RUN 4 GENERATION 11  100.0  94.900134  45.264758  15.331754
 RUN 4 GENERATION 12  100.0  94.900134  44.550394  17.217116
 RUN 4 GENERATION 13  100.0  94.900134  46.253216  18.238737
 RUN 4 GENERATION 14  100.0  94.900134  45.531811  16.023321
 RUN 4 GENERATION 15  100.0  94.900134  45.362828  16.35846
 RUN 4 GENERATION 16  100.0  94.900134  46.252172  15.91212
 RUN 4 GENERATION 17  100.0  94.900134  47.507903  16.408339
 RUN 4 GENERATION 18  100.0  94.900134  46.24768  18.746615
 RUN 4 GENERATION 19  100.0  94.900134  46.789221  15.081307
 RUN 4 GENERATION 20  100.0  94.900134  46.889097  14.838376
 RUN 4 GENERATION 21  100.0  94.900134  49.595872  13.513655
 RUN 4 GENERATION 22  100.0  94.900134  43.380338  17.976155
 RUN 4 GENERATION 23  100.0  94.900134  46.971993  16.707085
 RUN 4 GENERATION 24  100.0  94.900134  45.265  16.736899
 RUN 4 GENERATION 25  100.0  94.900134  48.135654  13.720391
 RUN 4 GENERATION 26  100.0  94.900134  49.663109  13.644055
 RUN 4 GENERATION 27  100.0  94.900134  48.317172  14.070152
 RUN 4 GENERATION 28  100.0  94.900134  50.657328  13.571931
 RUN 4 GENERATION 29  100.0  94.900134  50.111516  12.887524
 RUN 5 GENERATION 0  -30.0  57.219256  -3.649835  9.270526
 RUN 5 GENERATION 1  -30.0  57.219256  2.420548  15.931419
 RUN 5 GENERATION 2  -20.0  66.188859  19.757808  22.073348
 RUN 5 GENERATION 3  100.0  94.790514  39.521602  12.867389
 RUN 5 GENERATION 4  100.0  94.790514  37.900318  14.428163
 RUN 5 GENERATION 5  100.0  94.790514  39.062303  12.715773
 RUN 5 GENERATION 6  100.0  94.790514  44.03428  15.164816
 RUN 5 GENERATION 7  100.0  94.790514  44.495538  15.794709
 RUN 5 GENERATION 8  100.0  94.790514  44.875038  18.854793
 RUN 5 GENERATION 9  100.0  94.790514  44.098479  19.347047
 RUN 5 GENERATION 10  100.0  94.790514  43.717129  19.340868
 RUN 5 GENERATION 11  100.0  94.790514  43.370749  20.899678
 RUN 5 GENERATION 12  100.0  94.790514  43.632626  19.680996
 RUN 5 GENERATION 13  100.0  94.790514  43.24537  19.44302
 RUN 5 GENERATION 14  100.0  94.790514  46.672163  19.002982
 RUN 5 GENERATION 15  100.0  94.790514  46.692792  16.700047
 RUN 5 GENERATION 16  100.0  94.790514  45.186137  20.001991
 RUN 5 GENERATION 17  100.0  94.790514  40.993882  17.947771
 RUN 5 GENERATION 18  100.0  94.900134  43.276983  19.549205
 RUN 5 GENERATION 19  100.0  94.900134  41.728659  19.952893
 RUN 5 GENERATION 20  100.0  94.900134  44.493334  19.284507
 RUN 5 GENERATION 21  100.0  94.900134  43.893911  18.25499
 RUN 5 GENERATION 22  100.0  94.900134  39.918552  20.272413
 RUN 5 GENERATION 23  100.0  94.900134  44.167453  19.831729
 RUN 5 GENERATION 24  100.0  94.900134  44.42679  17.99429
 RUN 5 GENERATION 25  100.0  94.900134  43.539092  18.524652
 RUN 5 GENERATION 26  100.0  94.900134  45.530814  17.73634
 RUN 5 GENERATION 27  100.0  94.900134  43.547239  20.317336
 RUN 5 GENERATION 28  100.0  94.900134  41.092938  21.234177
 RUN 5 GENERATION 29  100.0  94.900134  42.987102  21.579206
 RUN 6 GENERATION 0  -50.0  39.179917  -2.749132  9.539186
 RUN 6 GENERATION 1  -50.0  39.179917  12.885272  15.059836
 RUN 6 GENERATION 2  -20.0  66.194865  29.364391  12.583249
 RUN 6 GENERATION 3  -20.0  66.194865  31.815644  11.430273
 RUN 6 GENERATION 4  -20.0  66.194865  34.684239  12.800142
 RUN 6 GENERATION 5  -20.0  66.194865  35.143675  13.520143
 RUN 6 GENERATION 6  -20.0  66.194865  31.388585  13.948261
 RUN 6 GENERATION 7  -20.0  66.194865  33.535094  14.396627
 RUN 6 GENERATION 8  -20.0  66.194865  34.869125  12.788547
 RUN 6 GENERATION 9  -20.0  66.194865  33.529432  13.660199
 RUN 6 GENERATION 10  -20.0  66.194865  33.445356  12.595802
 RUN 6 GENERATION 11  -10.0  75.091917  32.642416  14.689811
 RUN 6 GENERATION 12  100.0  94.852506  34.899091  14.397832
 RUN 6 GENERATION 13  100.0  94.852506  35.902532  17.506334
 RUN 6 GENERATION 14  100.0  94.852506  32.058391  16.198837
 RUN 6 GENERATION 15  100.0  94.918596  33.883243  19.772765
 RUN 6 GENERATION 16  100.0  94.918596  28.714094  14.722335
 RUN 6 GENERATION 17  100.0  94.918596  35.653275  15.154612
 RUN 6 GENERATION 18  100.0  94.918596  38.408061  16.91623
 RUN 6 GENERATION 19  100.0  94.918596  40.978296  19.120813
 RUN 6 GENERATION 20  100.0  94.918596  39.590589  22.87032
 RUN 6 GENERATION 21  100.0  94.918596  43.432239  22.501911
 RUN 6 GENERATION 22  100.0  94.918596  46.862262  22.173879
 RUN 6 GENERATION 23  100.0  94.918596  41.210542  24.305205
 RUN 6 GENERATION 24  100.0  94.918596  40.982862  22.079161
 RUN 6 GENERATION 25  100.0  94.918596  40.621196  22.943103
 RUN 6 GENERATION 26  100.0  94.918596  39.070226  24.016852
 RUN 6 GENERATION 27  100.0  94.918596  40.130777  22.180234
 RUN 6 GENERATION 28  100.0  94.918596  40.182113  21.862526
 RUN 6 GENERATION 29  100.0  94.918596  41.705116  22.542252
 RUN 7 GENERATION 0  -20.0  65.482329  -2.478872  11.577265
 RUN 7 GENERATION 1  -20.0  65.482329  12.161941  17.880495
 RUN 7 GENERATION 2  -20.0  65.482329  25.219841  19.658593
 RUN 7 GENERATION 3  -4.0  66.692245  36.778596  11.354122
 RUN 7 GENERATION 4  -4.0  66.692245  34.444469  14.767901
 RUN 7 GENERATION 5  -4.0  66.692245  33.660343  17.930551
 RUN 7 GENERATION 6  -4.0  66.692245  36.314401  19.372928
 RUN 7 GENERATION 7  -4.0  66.692245  41.542864  16.220621
 RUN 7 GENERATION 8  -10.0  75.2699  44.239766  12.009671
 RUN 7 GENERATION 9  -10.0  75.2699  38.347856  17.889613
 RUN 7 GENERATION 10  -10.0  75.2699  42.169848  15.726649
 RUN 7 GENERATION 11  -10.0  75.2699  40.826917  16.86096
 RUN 7 GENERATION 12  -10.0  75.2699  42.9733  14.337575
 RUN 7 GENERATION 13  32.0  87.302846  47.152167  11.115993
 RUN 7 GENERATION 14  62.0  90.302846  45.857669  16.368879
 RUN 7 GENERATION 15  82.0  92.265106  48.072331  20.225997
 RUN 7 GENERATION 16  82.0  92.265106  47.809868  22.589428
 RUN 7 GENERATION 17  82.0  92.265106  52.749986  24.366043
 RUN 7 GENERATION 18  86.0  92.665106  50.251579  24.071438
 RUN 7 GENERATION 19  86.0  92.665106  50.586843  25.426406
 RUN 7 GENERATION 20  86.0  92.665106  52.241152  27.104997
 RUN 7 GENERATION 21  86.0  92.665106  58.086351  24.495621
 RUN 7 GENERATION 22  86.0  92.665106  46.985503  27.169959
 RUN 7 GENERATION 23  86.0  92.665106  50.111658  26.905173
 RUN 7 GENERATION 24  86.0  92.665106  46.821853  26.707129
 RUN 7 GENERATION 25  86.0  92.665106  46.297605  25.458134
 RUN 7 GENERATION 26  86.0  92.665106  49.112261  24.387011
 RUN 7 GENERATION 27  86.0  92.665106  49.292058  21.789855
 RUN 7 GENERATION 28  86.0  92.665106  48.934359  25.523554
 RUN 7 GENERATION 29  86.0  92.665106  54.288586  25.528898
 RUN 8 GENERATION 0  -40.0  48.116678  -4.084944  8.013474
 RUN 8 GENERATION 1  -40.0  48.116678  1.625586  15.183509
 RUN 8 GENERATION 2  -10.0  75.2699  24.03236  21.170222
 RUN 8 GENERATION 3  -10.0  75.2699  34.632367  16.35702
 RUN 8 GENERATION 4  -10.0  75.2699  38.255128  17.512956
 RUN 8 GENERATION 5  -10.0  75.2699  42.663779  16.142372
 RUN 8 GENERATION 6  -10.0  75.2699  44.722614  16.140943
 RUN 8 GENERATION 7  -10.0  75.2699  46.792686  16.372236
 RUN 8 GENERATION 8  -10.0  75.2699  44.62148  16.285209
 RUN 8 GENERATION 9  -10.0  75.2699  42.395595  18.410634
 RUN 8 GENERATION 10  -10.0  75.2699  44.883065  16.490298
 RUN 8 GENERATION 11  100.0  94.918596  51.206973  13.690499
 RUN 8 GENERATION 12  100.0  94.918596  43.467592  17.388784
 RUN 8 GENERATION 13  100.0  94.918596  44.917548  18.122321
 RUN 8 GENERATION 14  100.0  94.918596  47.447211  15.707155
 RUN 8 GENERATION 15  100.0  94.918596  42.554798  17.623879
 RUN 8 GENERATION 16  100.0  94.918596  40.387428  18.915252
 RUN 8 GENERATION 17  100.0  94.918596  41.731643  17.426605
 RUN 8 GENERATION 18  100.0  94.918596  45.953989  15.40932
 RUN 8 GENERATION 19  100.0  94.918596  45.426257  16.303832
 RUN 8 GENERATION 20  100.0  94.918596  44.743352  18.046166
 RUN 8 GENERATION 21  100.0  94.918596  43.967576  20.404322
 RUN 8 GENERATION 22  100.0  94.918596  42.407068  18.780071
 RUN 8 GENERATION 23  100.0  94.918596  42.688356  18.43608
 RUN 8 GENERATION 24  100.0  94.918596  41.227183  18.401616
 RUN 8 GENERATION 25  100.0  94.918596  39.578875  20.655381
 RUN 8 GENERATION 26  100.0  94.918596  44.206229  20.182422
 RUN 8 GENERATION 27  100.0  94.918596  43.088332  21.761915
 RUN 8 GENERATION 28  100.0  94.918596  43.340189  25.465343
 RUN 8 GENERATION 29  100.0  94.918596  45.648835  25.36723
 RUN 9 GENERATION 0  -40.0  47.983843  -1.466392  11.452172
 RUN 9 GENERATION 1  -40.0  48.028738  15.222347  19.547548
 RUN 9 GENERATION 2  -40.0  48.028738  35.306954  12.461025
 RUN 9 GENERATION 3  -40.0  48.028738  31.696795  17.479661
 RUN 9 GENERATION 4  -20.0  66.028738  30.279316  19.699517
 RUN 9 GENERATION 5  -20.0  66.028738  27.554741  20.556033
 RUN 9 GENERATION 6  -20.0  66.028738  34.015866  15.928474
 RUN 9 GENERATION 7  -20.0  66.028738  28.974191  19.894264
 RUN 9 GENERATION 8  -20.0  66.197882  41.942096  12.85128
 RUN 9 GENERATION 9  -20.0  66.197882  38.522524  14.004399
 RUN 9 GENERATION 10  -20.0  66.197882  42.825204  12.621778
 RUN 9 GENERATION 11  -20.0  66.197882  43.618198  7.361322
 RUN 9 GENERATION 12  -20.0  66.197882  40.762939  11.451575
 RUN 9 GENERATION 13  100.0  94.852506  43.16879  17.521497
 RUN 9 GENERATION 14  100.0  94.852506  44.392539  18.42763
 RUN 9 GENERATION 15  100.0  94.918596  47.733366  20.107116
 RUN 9 GENERATION 16  100.0  94.918596  45.622448  23.171631
 RUN 9 GENERATION 17  100.0  94.918596  47.311342  22.344736
 RUN 9 GENERATION 18  100.0  94.918596  48.008469  21.259863
 RUN 9 GENERATION 19  100.0  94.918596  46.779343  22.382502
 RUN 9 GENERATION 20  100.0  94.918596  47.703554  22.000662
 RUN 9 GENERATION 21  100.0  94.918596  52.161497  25.062406
 RUN 9 GENERATION 22  100.0  94.918596  48.829945  20.556559
 RUN 9 GENERATION 23  100.0  94.918596  49.263128  21.534135
 RUN 9 GENERATION 24  100.0  94.918596  47.558504  23.911039
 RUN 9 GENERATION 25  100.0  94.918596  50.26257  23.527057
 RUN 9 GENERATION 26  100.0  94.918596  40.710829  19.871422
 RUN 9 GENERATION 27  100.0  94.918596  47.81195  20.33422
 RUN 9 GENERATION 28  100.0  94.918596  45.587231  21.333197
 RUN 9 GENERATION 29  100.0  94.918596  48.45283  23.304928