
 RUN 0 GENERATION 0  -30.0  57.405289  -2.590002  8.415276
 RUN 0 GENERATION 1  -30.0  57.405289  6.952338  12.771386
 RUN 0 GENERATION 2  -20.0  66.165189  18.536273  15.145157
 RUN 0 GENERATION 3  -20.0  66.302907  28.297933  19.957053
 RUN 0 GENERATION 4  -10.0  75.401578  37.287504  21.705102
 RUN 0 GENERATION 5  -10.0  75.401578  33.257176  21.963976
 RUN 0 GENERATION 6  -10.0  75.401578  33.986145  21.207852
 RUN 0 GENERATION 7  -10.0  75.431655  36.851671  19.210387
 RUN 0 GENERATION 8  13.6  85.887729  37.068738  20.218075
 RUN 0 GENERATION 9  13.6  85.887729  31.857929  21.553729
 RUN 0 GENERATION 10  13.6  85.887729  40.047169  22.275972
 RUN 0 GENERATION 11  13.6  85.887729  46.039537  21.616407
 RUN 0 GENERATION 12  13.6  85.887729  38.008142  21.180609
 RUN 0 GENERATION 13  13.6  85.887729  42.194115  20.336778
 RUN 0 GENERATION 14  13.6  85.887729  43.783862  23.020774
 RUN 0 GENERATION 15  13.6  85.887729  45.645544  21.034329
 RUN 0 GENERATION 16  13.6  85.887729  42.005668  21.426121
 RUN 0 GENERATION 17  13.6  85.887729  46.929814  22.871634
 RUN 0 GENERATION 18  13.6  85.887729  43.253748  23.602458
 RUN 0 GENERATION 19  13.6  85.887729  41.012983  23.702953
 RUN 0 GENERATION 20  13.6  85.887729  45.943869  20.481122
 RUN 0 GENERATION 21  13.6  85.887729  43.980101  22.905778
 RUN 0 GENERATION 22  13.6  85.887729  47.738448  21.896625
 RUN 0 GENERATION 23  13.6  85.887729  48.37054  23.265965
 RUN 0 GENERATION 24  13.6  85.887729  54.637675  21.648567
 RUN 0 GENERATION 25  13.6  85.887729  53.04942  25.252685
 RUN 0 GENERATION 26  13.6  85.887729  58.272537  23.208183
 RUN 0 GENERATION 27  13.6  85.887729  51.989024  28.128429
 RUN 0 GENERATION 28  13.6  85.887729  49.320413  26.239112
 RUN 0 GENERATION 29  13.6  85.887729  47.103417  28.541086
 RUN 1 GENERATION 0  -50.0  39.662462  -1.782873  8.829811
 RUN 1 GENERATION 1  -20.0  66.144928  5.864396  14.065552
 RUN 1 GENERATION 2  -20.0  66.36521  19.402179  17.840371
 RUN 1 GENERATION 3  17.8  86.372828  27.361914  23.551243
 RUN 1 GENERATION 4  17.8  86.372828  37.807563  20.496339
 RUN 1 GENERATION 5  23.8  86.91194  47.459054  20.192561
 RUN 1 GENERATION 6  24.4  86.97194  49.233054  24.796694
 RUN 1 GENERATION 7  24.4  86.97194  47.925928  25.572329
 RUN 1 GENERATION 8  29.8  87.462547  46.780733  23.469637
 RUN 1 GENERATION 9  34.0  87.73704  48.387071  26.19367
 RUN 1 GENERATION 10  34.0  87.73704  44.961169  23.909693
 RUN 1 GENERATION 11  34.0  87.73704  51.771502  23.109769
 RUN 1 GENERATION 12  34.0  87.73704  53.450554  22.802943
 RUN 1 GENERATION 13  34.0  87.73704  45.492042  28.210511
 RUN 1 GENERATION 14  35.2  87.85704  57.656074  26.324943
 RUN 1 GENERATION 15  35.2  87.85704  54.605485  27.779396
 RUN 1 GENERATION 16  35.2  88.002547  58.445111  27.481195
 RUN 1 GENERATION 17  35.2  88.002547  60.038185  24.625528
 RUN 1 GENERATION 18  35.2  88.002547  55.239415  27.412122
 RUN 1 GENERATION 19  35.2  88.002547  53.998601  27.222611
 RUN 1 GENERATION 20  35.2  88.002547  56.432456  26.155712
 RUN 1 GENERATION 21  35.2  88.002547  54.492706  28.343296
 RUN 1 GENERATION 22  35.2  88.002547  59.808417  28.744289
 RUN 1 GENERATION 23  35.2  88.002547  60.68879  24.297364
 RUN 1 GENERATION 24  35.2  88.002547  58.369628  28.300355
 RUN 1 GENERATION 25  35.2  88.002547  59.928228  27.978892
 RUN 1 GENERATION 26  36.4  88.071655  66.176389  21.993747
 RUN 1 GENERATION 27  36.4  88.071655  58.653358  26.438557
 RUN 1 GENERATION 28  36.4  88.071655  58.139424  25.5969
 RUN 1 GENERATION 29  36.4  88.071655  60.732529  26.336341
 RUN 2 GENERATION 0  -70.0  21.90625  -2.841856  6.420412
 RUN 2 GENERATION 1  -50.0  39.490612  6.421607  12.446061
 RUN 2 GENERATION 2  -50.0  39.490612  15.63135  11.94554
 RUN 2 GENERATION 3  -30.0  57.194865  18.012186  13.044685
 RUN 2 GENERATION 4  -30.0  57.548962  21.387988  18.718615
 RUN 2 GENERATION 5  8.2  85.302547  32.555936  22.356031
 RUN 2 GENERATION 6  9.4  85.422547  42.269254  18.162097
 RUN 2 GENERATION 7  9.4  85.422547  48.554343  21.607017
 RUN 2 GENERATION 8  9.4  85.422547  51.177653  22.589103
 RUN 2 GENERATION 9  9.4  85.422547  53.728057  21.424406
 RUN 2 GENERATION 10  9.4  85.422547  50.54432  23.87232
 RUN 2 GENERATION 11  11.2  85.602547  52.395555  20.227975
 RUN 2 GENERATION 12  11.2  85.602547  50.882212  24.806596
 RUN 2 GENERATION 13  11.2  85.602547  49.415878  22.591666
 RUN 2 GENERATION 14  11.2  85.602547  47.094601  23.643697
 RUN 2 GENERATION 15  11.2  85.602547  50.296681  23.174979
 RUN 2 GENERATION 16  11.2  85.602547  48.496314  23.855258
 RUN 2 GENERATION 17  11.2  85.602547  52.39012  24.681591
 RUN 2 GENERATION 18  11.2  85.602547  49.498615  25.242844
 RUN 2 GENERATION 19  11.2  85.602547  48.19784  24.907472
 RUN 2 GENERATION 20  11.2  85.602547  48.152172  22.892008
 RUN 2 GENERATION 21  11.2  85.602547  51.587019  24.044752
 RUN 2 GENERATION 22  11.2  85.602547  47.403369  23.772323
 RUN 2 GENERATION 23  11.2  85.602547  50.858939  26.392138
 RUN 2 GENERATION 24  13.6  85.887729  54.151107  26.285296
 RUN 2 GENERATION 25  13.6  85.887729  51.681752  26.483722
 RUN 2 GENERATION 26  13.6  85.887729  52.19226  25.253737
 RUN 2 GENERATION 27  13.6  85.887729  52.389315  25.578545
 RUN 2 GENERATION 28  13.6  85.887729  53.291274  24.687471
 RUN 2 GENERATION 29  13.6  85.887729  51.196218  23.500583
 RUN 3 GENERATION 0  -40.0  46.78109  -0.780311  10.501753
 RUN 3 GENERATION 1  -40.0  46.78109  2.993353  11.829424
 RUN 3 GENERATION 2  -40.0  48.511062  10.382751  13.322721
 RUN 3 GENERATION 3  -30.0  57.42027  13.951566  15.865543
 RUN 3 GENERATION 4  -20.0  66.168118  30.766951  17.410347
 RUN 3 GENERATION 5  -20.0  66.168118  37.16192  17.095645
 RUN 3 GENERATION 6  -20.0  66.168118  41.482051  18.833465
 RUN 3 GENERATION 7  -20.0  66.168118  42.819489  19.692728
 RUN 3 GENERATION 8  -20.0  66.168118  45.881419  20.4624
 RUN 3 GENERATION 9  -20.0  66.168118  45.180014  22.332039
 RUN 3 GENERATION 10  -20.0  66.168118  47.353128  22.110054
 RUN 3 GENERATION 11  -20.0  66.168118  49.817983  21.775273
 RUN 3 GENERATION 12  -20.0  66.168118  41.473105  22.328669
 RUN 3 GENERATION 13  -20.0  66.168118  42.706214  23.645194
 RUN 3 GENERATION 14  -20.0  66.168118  41.653521  25.102855
 RUN 3 GENERATION 15  -20.0  66.168118  44.592918  22.086676
 RUN 3 GENERATION 16  -20.0  66.168118  46.186968  23.875032
 RUN 3 GENERATION 17  -20.0  66.185869  42.430174  24.106607
 RUN 3 GENERATION 18  -20.0  66.185869  41.766371  23.108863
 RUN 3 GENERATION 19  -20.0  66.222348  41.978263  23.540617
 RUN 3 GENERATION 20  -20.0  66.222348  40.746172  23.867394
 RUN 3 GENERATION 21  -20.0  66.222348  42.067262  22.757718
 RUN 3 GENERATION 22  -10.0  75.191858  40.834359  23.543437
 RUN 3 GENERATION 23  -10.0  75.191858  41.776914  20.869369
 RUN 3 GENERATION 24  -10.0  75.191858  43.596196  22.751528
 RUN 3 GENERATION 25  -10.0  75.203942  47.823418  23.402753
 RUN 3 GENERATION 26  -10.0  75.203942  52.449124  21.644642
 RUN 3 GENERATION 27  -10.0  75.203942  50.413777  22.124744
 RUN 3 GENERATION 28  5.8  84.824258  42.840742  22.929697
 RUN 3 GENERATION 29  5.8  84.824258  46.501779  20.914802
 RUN 4 GENERATION 0  -50.0  39.394198  -2.543754  7.623572
 RUN 4 GENERATION 1  -40.0  48.412751  5.644404  12.789127
 RUN 4 GENERATION 2  -40.0  48.412751  19.554587  8.864847
 RUN 4 GENERATION 3  -40.0  48.482547  24.123121  11.626423
 RUN 4 GENERATION 4  -20.0  66.219256  35.850988  15.487022
 RUN 4 GENERATION 5  -20.0  66.231679  46.070046  14.478758
 RUN 4 GENERATION 6  -20.0  66.231679  46.576966  19.52872
 RUN 4 GENERATION 7  -20.0  66.231679  47.936926  18.288672
 RUN 4 GENERATION 8  -20.0  66.231679  47.028689  19.897786
 RUN 4 GENERATION 9  -20.0  66.231679  49.889114  18.896211
 RUN 4 GENERATION 10  -20.0  66.231679  48.636159  19.730331
 RUN 4 GENERATION 11  -20.0  66.231679  45.425741  21.365664
 RUN 4 GENERATION 12  -20.0  66.231679  48.902482  21.348856
 RUN 4 GENERATION 13  -20.0  66.231679  46.860132  21.715332
 RUN 4 GENERATION 14  -20.0  66.231679  48.734431  21.596831
 RUN 4 GENERATION 15  -20.0  66.234809  48.380272  20.274175
 RUN 4 GENERATION 16  -20.0  66.234809  47.114512  21.265136
 RUN 4 GENERATION 17  -20.0  66.234809  51.590596  16.380618
 RUN 4 GENERATION 18  -20.0  66.234809  50.084749  16.366824
 RUN 4 GENERATION 19  -20.0  66.234809  50.612891  18.382467
 RUN 4 GENERATION 20  -20.0  66.234809  46.336196  19.11535
 RUN 4 GENERATION 21  -10.0  75.222348  40.947943  23.456097
 RUN 4 GENERATION 22  -10.0  75.222348  49.707833  18.604425
 RUN 4 GENERATION 23  -10.0  75.222348  48.825263  18.122488
 RUN 4 GENERATION 24  -10.0  75.222348  51.143653  19.423267
 RUN 4 GENERATION 25  -10.0  75.222348  44.338663  24.038481
 RUN 4 GENERATION 26  -10.0  75.222348  50.080827  20.369621
 RUN 4 GENERATION 27  -10.0  75.222348  48.468855  20.710201
 RUN 4 GENERATION 28  -10.0  75.222348  52.487007  20.712393
 RUN 4 GENERATION 29  -10.0  75.222348  52.410473  20.616796
 RUN 5 GENERATION 0  -60.0  30.840945  -3.219072  5.325769
 RUN 5 GENERATION 1  -60.0  30.840945  2.794843  7.535277
 RUN 5 GENERATION 2  15.4  85.87704  11.967631  14.779214
 RUN 5 GENERATION 3  15.4  85.87704  17.586467  14.231636
 RUN 5 GENERATION 4  15.4  85.87704  23.852496  18.368452
 RUN 5 GENERATION 5  18.4  86.17704  34.859086  21.83796
 RUN 5 GENERATION 6  18.4  86.17704  39.947557  22.307164
 RUN 5 GENERATION 7  21.4  86.47704  49.007117  22.323722
 RUN 5 GENERATION 8  21.4  86.47704  47.993212  22.396595
 RUN 5 GENERATION 9  21.4  86.47704  45.491764  20.63473
 RUN 5 GENERATION 10  22.6  86.59704  55.882896  21.717502
 RUN 5 GENERATION 11  23.8  86.811655  57.320137  25.887415
 RUN 5 GENERATION 12  23.8  86.811655  57.167087  27.590628
 RUN 5 GENERATION 13  36.4  88.167729  56.407876  27.534918
 RUN 5 GENERATION 14  36.4  88.167729  53.072432  27.72283
 RUN 5 GENERATION 15  37.0  88.227729  62.410171  27.579352
 RUN 5 GENERATION 16  37.0  88.227729  54.782545  31.360541
 RUN 5 GENERATION 17  37.0  88.227729  60.034136  30.942998
 RUN 5 GENERATION 18  37.0  88.227729  58.514963  28.756198
 RUN 5 GENERATION 19  37.0  88.227729  57.812446  30.352246
 RUN 5 GENERATION 20  37.0  88.227729  65.279062  27.042134
 RUN 5 GENERATION 21  37.0  88.227729  60.447185  29.942429
 RUN 5 GENERATION 22  37.0  88.227729  52.820207  30.782741
 RUN 5 GENERATION 23  37.0  88.227729  59.03687  30.511559
 RUN 5 GENERATION 24  37.0  88.227729  58.754858  30.302775
 RUN 5 GENERATION 25  37.0  88.227729  60.147471  30.96523
 RUN 5 GENERATION 26  37.0  88.227729  54.95176  31.675937
 RUN 5 GENERATION 27  37.0  88.227729  56.382488  29.754196
 RUN 5 GENERATION 28  37.0  88.227729  56.831529  30.24355
 RUN 5 GENERATION 29  37.0  88.227729  57.85141  30.592898
 RUN 6 GENERATION 0  -70.0  21.90625  -3.181076  5.661443
 RUN 6 GENERATION 1  -60.0  30.727  4.089295  10.359703
 RUN 6 GENERATION 2  -40.0  48.427846  15.329006  11.701254
 RUN 6 GENERATION 3  -30.0  57.309641  21.539366  12.737575
 RUN 6 GENERATION 4  -20.0  66.273152  26.275028  16.574204
 RUN 6 GENERATION 5  -20.0  66.273152  32.915033  18.030173
 RUN 6 GENERATION 6  -20.0  66.273152  33.492951  18.542185
 RUN 6 GENERATION 7  -20.0  66.33704  40.834337  20.594682
 RUN 6 GENERATION 8  -20.0  66.33704  42.04469  19.015666
 RUN 6 GENERATION 9  -20.0  66.33704  44.535102  19.861837
 RUN 6 GENERATION 10  -20.0  66.33704  40.967365  21.606207
 RUN 6 GENERATION 11  -20.0  66.33704  42.264976  23.138315
 RUN 6 GENERATION 12  -10.0  75.206986  44.296536  21.021115
 RUN 6 GENERATION 13  -10.0  75.206986  41.206132  21.771663
 RUN 6 GENERATION 14  -10.0  75.206986  44.536079  21.457669
 RUN 6 GENERATION 15  -10.0  75.225448  42.465327  19.817758
 RUN 6 GENERATION 16  -10.0  75.225448  47.031639  18.931166
 RUN 6 GENERATION 17  -10.0  75.225448  39.769373  23.105518
 RUN 6 GENERATION 18  -10.0  75.225448  41.03216  20.383617
 RUN 6 GENERATION 19  -10.0  75.225448  44.262121  18.971751
 RUN 6 GENERATION 20  -10.0  75.225448  46.937727  20.451696
 RUN 6 GENERATION 21  8.2  84.444975  46.781089  20.58346
 RUN 6 GENERATION 22  8.2  84.444975  42.911464  20.922016
 RUN 6 GENERATION 23  8.2  84.444975  44.882662  19.468491
 RUN 6 GENERATION 24  8.2  84.444975  44.232044  22.250217
 RUN 6 GENERATION 25  8.2  84.444975  45.135506  20.677005
 RUN 6 GENERATION 26  8.2  84.444975  46.360771  19.33729
 RUN 6 GENERATION 27  8.2  84.444975  47.033469  19.447377
 RUN 6 GENERATION 28  8.2  84.444975  49.698779  17.830418
 RUN 6 GENERATION 29  8.2  84.444975  48.268104  19.304399
 RUN 7 GENERATION 0  -50.0  39.386872  -2.932662  6.603606
 RUN 7 GENERATION 1  -40.0  48.313025  2.547589  11.592335
 RUN 7 GENERATION 2  -40.0  48.506939  16.643422  12.73938
 RUN 7 GENERATION 3  -30.0  57.458736  23.542142  13.599038
 RUN 7 GENERATION 4  -30.0  57.458736  29.377023  14.384398
 RUN 7 GENERATION 5  -20.0  66.250607  30.84553  17.560534
 RUN 7 GENERATION 6  -20.0  66.250607  36.225574  16.056488
 RUN 7 GENERATION 7  -20.0  66.250607  36.101745  16.465511
 RUN 7 GENERATION 8  -20.0  66.250607  36.032552  15.178804
 RUN 7 GENERATION 9  -20.0  66.250607  35.59569  14.669284
 RUN 7 GENERATION 10  -20.0  66.250607  36.038902  14.868993
 RUN 7 GENERATION 11  -20.0  66.250607  36.122155  14.595691
 RUN 7 GENERATION 12  -20.0  66.250607  36.686289  13.634493
 RUN 7 GENERATION 13  -20.0  66.397881  36.76589  14.333162
 RUN 7 GENERATION 14  -20.0  66.397881  36.312749  15.510837
 RUN 7 GENERATION 15  -20.0  66.397881  36.487806  16.839242
 RUN 7 GENERATION 16  -20.0  66.397881  34.706761  16.266335
 RUN 7 GENERATION 17  -10.0  75.127882  34.961721  17.227154
 RUN 7 GENERATION 18  -10.0  75.127882  31.645087  17.20641
 RUN 7 GENERATION 19  -10.0  75.127882  32.461106  18.774927
 RUN 7 GENERATION 20  -10.0  75.127882  36.565579  17.405102
 RUN 7 GENERATION 21  -10.0  75.127882  35.125006  18.18149
 RUN 7 GENERATION 22  -10.0  75.127882  37.799  19.854575
 RUN 7 GENERATION 23  -10.0  75.127882  39.369816  15.515636
 RUN 7 GENERATION 24  -10.0  75.127882  34.933809  17.44196
 RUN 7 GENERATION 25  -10.0  75.127882  39.123244  17.332469
 RUN 7 GENERATION 26  -10.0  75.142067  38.411619  19.27713
 RUN 7 GENERATION 27  -10.0  75.142067  37.236194  19.013417
 RUN 7 GENERATION 28  -10.0  75.142067  36.799636  19.223146
 RUN 7 GENERATION 29  -10.0  75.147798  37.68227  20.525118
 RUN 8 GENERATION 0  -60.0  29.589825  -2.282011  7.673432
 RUN 8 GENERATION 1  -20.0  65.594772  9.521254  12.632437
 RUN 8 GENERATION 2  -20.0  65.594772  19.102145  9.78868
 RUN 8 GENERATION 3  -20.0  65.594772  20.764306  9.569803
 RUN 8 GENERATION 4  43.0  88.204175  19.130602  14.841549
 RUN 8 GENERATION 5  43.0  88.204175  26.727  23.113307
 RUN 8 GENERATION 6  43.0  88.204175  36.421536  26.589586
 RUN 8 GENERATION 7  45.4  88.444175  51.455991  25.324248
 RUN 8 GENERATION 8  45.4  88.444175  59.070346  24.751419
 RUN 8 GENERATION 9  55.0  89.71004  57.120004  28.1407
 RUN 8 GENERATION 10  55.0  89.71004  57.275555  26.738451
 RUN 8 GENERATION 11  55.0  89.71004  63.221166  21.22525
 RUN 8 GENERATION 12  55.0  89.71004  61.701751  25.448551
 RUN 8 GENERATION 13  57.4  89.736113  63.299318  23.25133
 RUN 8 GENERATION 14  60.4  90.137367  61.527887  22.934202
 RUN 8 GENERATION 15  60.4  90.137367  60.970851  24.845561
 RUN 8 GENERATION 16  60.4  90.137367  59.694558  22.620197
 RUN 8 GENERATION 17  60.4  90.137367  62.133493  24.155016
 RUN 8 GENERATION 18  60.4  90.137367  61.661448  24.733674
 RUN 8 GENERATION 19  60.4  90.137367  59.962305  25.257897
 RUN 8 GENERATION 20  60.4  90.137367  61.355747  26.138369
 RUN 8 GENERATION 21  60.4  90.137367  61.287269  24.841495
 RUN 8 GENERATION 22  60.4  90.137367  66.16523  23.01763
 RUN 8 GENERATION 23  60.4  90.137367  62.285423  26.805406
 RUN 8 GENERATION 24  60.4  90.137367  61.415878  26.585285
 RUN 8 GENERATION 25  60.4  90.137367  62.11276  25.612561
 RUN 8 GENERATION 26  60.4  90.137367  60.903608  24.609393
 RUN 8 GENERATION 27  60.4  90.137367  59.69246  21.736361
 RUN 8 GENERATION 28  60.4  90.137367  63.091139  24.481104
 RUN 8 GENERATION 29  60.4  90.137367  60.693711  25.256971
 RUN 9 GENERATION 0  -60.0  30.42027  -2.246228  7.219267
 RUN 9 GENERATION 1  -20.0  66.113896  6.856382  14.133962
 RUN 9 GENERATION 2  -10.0  75.188859  18.945477  15.989311
 RUN 9 GENERATION 3  -10.0  75.188859  32.218477  19.854175
 RUN 9 GENERATION 4  2.8  84.49004  54.273577  18.942344
 RUN 9 GENERATION 5  2.8  84.49004  59.325873  14.383459
 RUN 9 GENERATION 6  2.8  84.49004  59.704004  16.262955
 RUN 9 GENERATION 7  2.8  84.49004  62.7576  16.922226
 RUN 9 GENERATION 8  2.8  84.49004  62.933726  16.151392
 RUN 9 GENERATION 9  2.8  84.49004  63.126827  15.366322
 RUN 9 GENERATION 10  2.8  84.49004  60.618592  17.321572
 RUN 9 GENERATION 11  2.8  84.49004  63.460713  15.22092
 RUN 9 GENERATION 12  2.8  84.49004  64.885691  13.631313
 RUN 9 GENERATION 13  2.8  84.49004  63.549476  15.071694
 RUN 9 GENERATION 14  2.8  84.49004  59.02095  18.485255
 RUN 9 GENERATION 15  2.8  84.49004  60.612681  18.771737
 RUN 9 GENERATION 16  2.8  84.49004  60.162181  17.624575
 RUN 9 GENERATION 17  2.8  84.49004  60.433053  17.81005
 RUN 9 GENERATION 18  2.8  84.49004  63.312566  18.73301
 RUN 9 GENERATION 19  2.8  84.49004  64.5405  14.327847
 RUN 9 GENERATION 20  2.8  84.49004  60.607282  18.57791
 RUN 9 GENERATION 21  2.8  84.49004  56.33037  19.971883
 RUN 9 GENERATION 22  2.8  84.49004  60.792928  17.660446
 RUN 9 GENERATION 23  2.8  84.49004  60.443473  20.19725
 RUN 9 GENERATION 24  2.8  84.49004  56.50659  19.266541
 RUN 9 GENERATION 25  2.8  84.49004  60.601721  18.062582
 RUN 9 GENERATION 26  2.8  84.49004  58.379085  17.719059
 RUN 9 GENERATION 27  2.8  84.49004  61.164386  18.02234
 RUN 9 GENERATION 28  2.8  84.49004  62.671312  16.006312
 RUN 9 GENERATION 29  2.8  84.49004  59.261313  17.524798